     k         norm x 
     0     1.000000 (     0.25,    0.0625,  -0.23438, -0.058594,   0.48535,    0.3125,   0.09375,  -0.28516, -0.085938,   0.59985,   0.32812,   0.10547,  -0.29492, -0.095215,   0.62616,   0.33203,   0.10938,  -0.29639,   -0.0979,   0.63206,   0.33301,    0.1106,  -0.29645, -0.098587,   0.63337)
     1     0.285829 ( 0.34375, 0.050781, -0.32324, 0.019043,  0.65472,  0.44141, 0.078125, -0.40649, 0.029297,  0.82755,  0.46973, 0.090576, -0.42688, 0.032669,  0.87307,  0.47803, 0.095703, -0.43138, 0.033691,  0.88503,  0.39716, 0.049103, -0.37022, 0.074211,  0.73981)
     2     0.136227 ( 0.37305, 0.031982, -0.33887, 0.086288,  0.72846,  0.48022, 0.049072, -0.42184,  0.13116,  0.93317,  0.51221, 0.057526, -0.44076,  0.14929,  0.99187,  0.50127, 0.044128, -0.43329,  0.16881,  0.97512,  0.38759, 0.015376, -0.33593,  0.14317,  0.77957)
     3     0.084547 ( 0.37805, 0.022064, -0.32837,  0.13281,   0.7665,  0.48483, 0.035645, -0.40058,  0.20367,  0.99051,  0.51091,  0.03748, -0.41177,  0.23815,   1.0509,  0.48566, 0.026306, -0.38815,  0.24207,   1.0181,  0.37526,  0.01641, -0.30714,  0.17863,  0.79919)
     4     0.051887 ( 0.37672, 0.020999, -0.31169,  0.16462,  0.78878,  0.48082, 0.034679, -0.37128,   0.2555,   1.0238,  0.50099,  0.03755, -0.37093,   0.2944,   1.0841,  0.47564, 0.035363, -0.35016,  0.28525,   1.0421,  0.37301, 0.025309, -0.28656,  0.19947,   0.8104)
     5     0.033014 ( 0.37545,  0.02461, -0.29551,  0.18719,  0.80275,  0.47778, 0.042166, -0.34219,   0.2908,   1.0444,  0.49774, 0.051085, -0.33672,  0.33086,   1.1043,  0.47653, 0.050691, -0.32183,  0.31266,   1.0569,  0.37546, 0.034899, -0.27187,   0.2128,  0.81741)
     6     0.023563 (  0.3756, 0.030563, -0.28111,  0.20311,  0.81188,  0.47888, 0.054582, -0.31811,  0.31507,   1.0578,  0.50162, 0.067545, -0.31039,  0.35542,   1.1175,  0.48194, 0.065639, -0.30099,  0.33102,   1.0665,  0.37921, 0.043246, -0.26124,   0.2218,  0.82207)
     7     0.017643 ( 0.37736, 0.037708, -0.26932,  0.21441,  0.81806,  0.48339, 0.067633, -0.29925,   0.3321,   1.0669,  0.50822, 0.082777, -0.29051,  0.37253,   1.1265,  0.48827, 0.078325,  -0.2856,  0.34381,   1.0731,  0.38288, 0.049992, -0.25345,  0.22811,   0.8253)
     8     0.013180 ( 0.38027, 0.044646, -0.26005,  0.22253,  0.82236,  0.48903, 0.079301, -0.28479,   0.3443,   1.0733,  0.51502, 0.095534, -0.27558,  0.38475,   1.1328,  0.49406, 0.088495, -0.27418,  0.35294,   1.0778,  0.38601, 0.055264,  -0.2477,  0.23263,   0.8276)
     9     0.009849 ( 0.38342, 0.050668,  -0.2529,  0.22844,  0.82543,  0.49443, 0.088961, -0.27381,  0.35317,   1.0778,  0.52101,  0.10572, -0.26438,  0.39363,   1.1373,  0.49888,  0.09642, -0.26568,  0.35958,   1.0811,  0.38854, 0.059313, -0.24343,  0.23594,  0.82926)
    10     0.007366 ( 0.38628, 0.055585, -0.24745,  0.23279,  0.82766,  0.49906,  0.09664,  -0.2655,  0.35969,   1.0812,  0.52591,  0.11365, -0.25598,  0.40015,   1.1406,  0.50272,   0.1025, -0.25933,  0.36447,   1.0836,  0.39051, 0.062394, -0.24025,  0.23837,  0.83049)
    11     0.005513 ( 0.38866, 0.059464, -0.24331,  0.23601,  0.82929,   0.5028,   0.1026, -0.25925,  0.36452,   1.0836,  0.52979,  0.11973, -0.24967,  0.40498,    1.143,   0.5057,  0.10712, -0.25458,  0.36809,   1.0854,  0.39202, 0.064724, -0.23787,  0.24018,   0.8314)
    12     0.004128 ( 0.39057, 0.062464, -0.24019,   0.2384,   0.8305,  0.50574,  0.10717, -0.25454,  0.36811,   1.0854,  0.53279,  0.12435, -0.24495,  0.40857,   1.1448,  0.50798,  0.11062, -0.25103,  0.37078,   1.0868,  0.39318, 0.066481, -0.23609,  0.24152,  0.83207)
    13     0.003093 ( 0.39205, 0.064757, -0.23785,  0.24019,   0.8314,    0.508,  0.11064, -0.25101,  0.37079,   1.0868,  0.53509,  0.12785,  -0.2414,  0.41125,   1.1462,  0.50972,  0.11326, -0.24836,  0.37279,   1.0878,  0.39405, 0.067803, -0.23476,  0.24253,  0.83257)
    14     0.002317 ( 0.39319, 0.066497, -0.23608,  0.24153,  0.83207,  0.50973,  0.11327, -0.24836,   0.3728,   1.0878,  0.53682,  0.13049, -0.23875,  0.41326,   1.1472,  0.51103,  0.11524, -0.24637,  0.37429,   1.0885,  0.39471, 0.068797, -0.23376,  0.24328,  0.83295)
    15     0.001737 ( 0.39406, 0.067811, -0.23475,  0.24253,  0.83257,  0.51104,  0.11524, -0.24636,   0.3743,   1.0885,  0.53814,  0.13247, -0.23675,  0.41476,   1.1479,  0.51202,  0.11673, -0.24487,  0.37542,   1.0891,   0.3952, 0.069543, -0.23301,  0.24384,  0.83323)
    16     0.001302 ( 0.39471,   0.0688, -0.23376,  0.24328,  0.83295,  0.51202,  0.11673, -0.24487,  0.37542,   1.0891,  0.53913,  0.13396, -0.23526,  0.41588,   1.1485,  0.51277,  0.11785, -0.24375,  0.37626,   1.0895,  0.39558, 0.070103, -0.23245,  0.24426,  0.83344)
    17     0.000976 ( 0.39521, 0.069545, -0.23301,  0.24384,  0.83323,  0.51277,  0.11785, -0.24375,  0.37626,   1.0895,  0.53987,  0.13508, -0.23413,  0.41673,   1.1489,  0.51332,  0.11869, -0.24291,  0.37689,   1.0898,  0.39586, 0.070524, -0.23203,  0.24458,   0.8336)
    18     0.000732 ( 0.39558, 0.070104, -0.23245,  0.24426,  0.83344,  0.51333,  0.11869, -0.24291,  0.37689,   1.0898,  0.54043,  0.13592, -0.23329,  0.41736,   1.1492,  0.51374,  0.11932, -0.24228,  0.37737,   1.0901,  0.39607, 0.070839, -0.23172,  0.24481,  0.83372)
    19     0.000549 ( 0.39586, 0.070524, -0.23203,  0.24458,   0.8336,  0.51374,  0.11932, -0.24228,  0.37737,   1.0901,  0.54085,  0.13655, -0.23266,  0.41783,   1.1495,  0.51406,  0.11979,  -0.2418,  0.37772,   1.0902,  0.39622, 0.071075, -0.23148,  0.24499,  0.83381)
    20     0.000412 ( 0.39607, 0.070839, -0.23172,  0.24481,  0.83372,  0.51406,  0.11979,  -0.2418,  0.37772,   1.0902,  0.54117,  0.13702, -0.23219,  0.41819,   1.1497,   0.5143,  0.12015, -0.24145,  0.37799,   1.0904,  0.39634, 0.071253,  -0.2313,  0.24512,  0.83387)
    21     0.000309 ( 0.39622, 0.071076, -0.23148,  0.24499,  0.83381,   0.5143,  0.12015, -0.24145,  0.37799,   1.0904,   0.5414,  0.13738, -0.23183,  0.41845,   1.1498,  0.51447,  0.12041, -0.24118,  0.37819,   1.0905,  0.39643, 0.071386, -0.23117,  0.24522,  0.83392)
    22     0.000231 ( 0.39634, 0.071253,  -0.2313,  0.24512,  0.83387,  0.51447,  0.12041, -0.24118,  0.37819,   1.0905,  0.54158,  0.13764, -0.23157,  0.41865,   1.1499,  0.51461,  0.12061, -0.24098,  0.37834,   1.0905,   0.3965, 0.071486, -0.23107,   0.2453,  0.83396)
    23     0.000174 ( 0.39643, 0.071386, -0.23117,  0.24522,  0.83392,  0.51461,  0.12061, -0.24098,  0.37834,   1.0905,  0.54171,  0.13784, -0.23137,   0.4188,     1.15,  0.51471,  0.12076, -0.24083,  0.37845,   1.0906,  0.39655, 0.071561, -0.23099,  0.24535,  0.83399)
    24     0.000130 (  0.3965, 0.071486, -0.23107,   0.2453,  0.83396,  0.51471,  0.12076, -0.24083,  0.37845,   1.0906,  0.54181,  0.13799, -0.23122,  0.41891,     1.15,  0.51478,  0.12088, -0.24072,  0.37854,   1.0906,  0.39659, 0.071617, -0.23094,   0.2454,  0.83401)
    25     0.000098 ( 0.39655, 0.071561, -0.23099,  0.24535,  0.83399,  0.51478,  0.12088, -0.24072,  0.37854,   1.0906,  0.54189,  0.13811, -0.23111,    0.419,   1.1501,  0.51484,  0.12096, -0.24064,   0.3786,   1.0907,  0.39661, 0.071659,  -0.2309,  0.24543,  0.83402)
    26     0.000073 ( 0.39659, 0.071617, -0.23094,   0.2454,  0.83401,  0.51484,  0.12096, -0.24064,   0.3786,   1.0907,  0.54195,  0.13819, -0.23102,  0.41906,   1.1501,  0.51488,  0.12102, -0.24057,  0.37865,   1.0907,  0.39663,  0.07169, -0.23086,  0.24545,  0.83404)
    27     0.000055 ( 0.39661, 0.071659,  -0.2309,  0.24543,  0.83402,  0.51488,  0.12102, -0.24057,  0.37865,   1.0907,  0.54199,  0.13825, -0.23096,  0.41911,   1.1501,  0.51491,  0.12107, -0.24053,  0.37868,   1.0907,  0.39665, 0.071714, -0.23084,  0.24547,  0.83404)
    28     0.000041 ( 0.39663,  0.07169, -0.23086,  0.24545,  0.83404,  0.51491,  0.12107, -0.24053,  0.37868,   1.0907,  0.54202,   0.1383, -0.23091,  0.41914,   1.1501,  0.51493,  0.12111, -0.24049,  0.37871,   1.0907,  0.39666, 0.071732, -0.23082,  0.24548,  0.83405)
    29     0.000031 ( 0.39665, 0.071714, -0.23084,  0.24547,  0.83404,  0.51493,  0.12111, -0.24049,  0.37871,   1.0907,  0.54204,  0.13834, -0.23088,  0.41917,   1.1502,  0.51495,  0.12113, -0.24046,  0.37873,   1.0907,  0.39667, 0.071745, -0.23081,  0.24549,  0.83406)
    30     0.000023 ( 0.39666, 0.071732, -0.23082,  0.24548,  0.83405,  0.51495,  0.12113, -0.24046,  0.37873,   1.0907,  0.54206,  0.13836, -0.23085,  0.41919,   1.1502,  0.51497,  0.12115, -0.24044,  0.37874,   1.0907,  0.39668, 0.071755,  -0.2308,   0.2455,  0.83406)
    31     0.000017 ( 0.39667, 0.071745, -0.23081,  0.24549,  0.83406,  0.51497,  0.12115, -0.24044,  0.37874,   1.0907,  0.54207,  0.13838, -0.23083,  0.41921,   1.1502,  0.51498,  0.12117, -0.24043,  0.37875,   1.0907,  0.39668, 0.071763, -0.23079,  0.24551,  0.83406)
    32     0.000013 ( 0.39668, 0.071755,  -0.2308,   0.2455,  0.83406,  0.51498,  0.12117, -0.24043,  0.37875,   1.0907,  0.54208,   0.1384, -0.23081,  0.41922,   1.1502,  0.51498,  0.12118, -0.24042,  0.37876,   1.0908,  0.39669, 0.071768, -0.23079,  0.24551,  0.83407)
    33     0.000010 ( 0.39668, 0.071763, -0.23079,  0.24551,  0.83406,  0.51498,  0.12118, -0.24042,  0.37876,   1.0908,  0.54209,  0.13841,  -0.2308,  0.41922,   1.1502,  0.51499,  0.12119, -0.24041,  0.37877,   1.0908,  0.39669, 0.071773, -0.23078,  0.24551,  0.83407)
