A1. example 9.3.1
pmethod-a.txt
     k           mu x 
     1       2.0000 (0.75, 0.25,    1)
     2       3.0000 (0.91667,    0.75,       1)
     3       3.6667 (0.97727, 0.93182,       1)
pmethod-b.txt
     k           mu x 
     1       0.0000 (0, 1, 0)
     2       1.0000 (1, 1, 0)
     3       2.0000 (  1,   1, 0.5)
pmethod-c.txt
     k           mu x 
     1       4.7500 (0.47368,       1, 0.26316)
     2       6.1447 (0.72163,       1, 0.38758)
     3       6.8581 (0.81375,       1,  0.4244)
pmethod-d.txt
     k           mu x 
     1       3.0000 ( 0.33333,        1, -0.33333,        0)
     2       3.6667 ( 0.72727,        1, -0.81818, -0.18182)
     3       4.5455 (-0.76471, -0.73529,        1,  0.38235)
A2. example 9.3.3
invpmethod-a.txt
     k           mu x 
     1      -0.8571 (-0.076923,         1,  -0.61538)
     2      -1.3022 (-0.24051,        1, -0.86076)
     3      -1.5651 (-0.18891,        1, -0.78336)
invpmethod-b.txt
     k           mu x 
     1      -2.0000 (   1,   -1, -0.5)
     2      -2.5000 (   1, -0.6, -0.8)
     3      -2.4000 (       1,    -0.75, -0.66667)
invpmethod-c.txt
     k           mu x 
     1       0.0444 (0.55556, 0.11111,       1)
     2       2.5333 (-0.53606,  0.20858,        1)
     3       4.7556 (-0.53606, 0.061012,        1)
invpmethod-d.txt
     k           mu x 
     1      -1.0000 ( 1, -1,  0,  0)
     2      -1.3333 (-0.66667,        1, -0.16667,  0.33333)
     3      -1.6667 (-0.9,    1, -0.3,  0.4)
A3. example 9.3.5
sympmethod-a.txt
     k           mu x 
     1       1.6667 (0.58835, 0.19612, 0.78446)
     2       3.4615 (0.59136, 0.48384, 0.64512)
     3       3.9595 (0.58161, 0.55456, 0.59514)
sympmethod-b.txt
     k           mu x 
     1       0.0000 ( 0, -1,  0)
     2       1.0000 (-0.70711, -0.70711,        0)
     3       2.0000 (-0.66667, -0.66667, -0.33333)
sympmethod-c.txt
     k           mu x 
     1       3.1667 (-0.35112,  0.93633,        0)
     2       4.6164 (-0.27254,  0.94151, -0.19821)
     3       5.0282 (-0.24077,  0.93361, -0.26534)
sympmethod-d.txt
     k           mu x 
     1       1.7143 ( 0.62994, -0.25198,  0.37796,  0.62994)
     2       3.6825 ( 0.81609, 0.031388,  0.40805,  0.40805)
     3       4.7163 (0.85615, 0.18953, 0.33331, 0.34638)
A4. example 9.3.7
pmethod-a4-a.txt
     k           mu x 
     1       2.0000 (0.75, 0.25,    1)
     2       3.0000 (0.91667,    0.75,       1)
     3       3.6667 (0.97727, 0.93182,       1)
     4       3.9091 (0.99419, 0.98256,       1)
     5       3.9767 (0.99854, 0.99561,       1)
     6       3.9942 (0.99963,  0.9989,       1)
     7       3.9985 (0.99991, 0.99973,       1)
     8       3.9996 (0.99998, 0.99993,       1)
pmethod-a4-b.txt
     k           mu x 
     1       0.0000 (0, 1, 0)
     2       1.0000 (1, 1, 0)
     3       2.0000 (  1,   1, 0.5)
     4       2.5000 (  1, 0.8, 0.6)
     5       2.4000 (      1,    0.75, 0.66667)
     6       2.4167 (      1, 0.72414, 0.68966)
     7       2.4138 (      1, 0.71429,     0.7)
     8       2.4143 (      1, 0.71006, 0.70414)
     9       2.4142 (      1, 0.70833, 0.70588)
    10       2.4142 (      1, 0.70761,  0.7066)
    11       2.4142 (      1, 0.70732,  0.7069)
    12       2.4142 (      1, 0.70719, 0.70702)
pmethod-a4-c.txt
     k           mu x 
     1       4.7500 (0.47368,       1, 0.26316)
     2       6.1447 (0.72163,       1, 0.38758)
     3       6.8581 (0.81375,       1,  0.4244)
     4       7.1114 (0.84501,       1, 0.43064)
     5       7.1896 (0.85626,       1, 0.42899)
     6       7.2128 (0.86096,       1, 0.42614)
     7       7.2198 (0.86332,       1, 0.42368)
     8       7.2221 (0.86469,       1, 0.42185)
     9       7.2229 (0.86556,       1, 0.42056)
    10       7.2232 (0.86613,       1, 0.41966)
    11       7.2234 (0.86652,       1, 0.41903)
    12       7.2235 (0.86679,       1,  0.4186)
    13       7.2235 (0.86697,       1, 0.41831)
    14       7.2236 ( 0.8671,       1, 0.41811)
    15       7.2236 (0.86718,       1, 0.41797)
pmethod-a4-d.txt
     k           mu x 
     1       3.0000 ( 0.33333,        1, -0.33333,        0)
     2       3.6667 ( 0.72727,        1, -0.81818, -0.18182)
     3       4.5455 (-0.76471, -0.73529,        1,  0.38235)
     4       7.2647 (-0.65992, -0.54656,        1,  0.48583)
     5       7.1781 (-0.58319, -0.45967,        1,  0.54935)
     6       7.1416 (-0.53104, -0.41478,        1,  0.58774)
     7       7.1213 (-0.49695, -0.38973,        1,  0.61098)
     8       7.1086 (-0.47513, -0.37506,        1,  0.62514)
     9       7.1005 (-0.46132, -0.36622,        1,  0.63384)
    10       7.0952 (-0.45263,  -0.3608,        1,  0.63921)
    11       7.0919 (-0.44718, -0.35746,        1,  0.64255)
    12       7.0897 (-0.44376, -0.35538,        1,  0.64462)
    13       7.0884 (-0.44163, -0.35409,        1,  0.64591)
    14       7.0875 (-0.44029, -0.35328,        1,  0.64672)
    15       7.0870 (-0.43946, -0.35278,        1,  0.64722)
    16       7.0867 (-0.43894, -0.35246,        1,  0.64754)
    17       7.0865 (-0.43861, -0.35227,        1,  0.64773)
    18       7.0863 (-0.43841, -0.35214,        1,  0.64786)
    19       7.0863 (-0.43828, -0.35207,        1,  0.64793)
A5. example 9.3.11
sympmethod-a5-a.txt
     k           mu x 
     1       1.6667 (0.58835, 0.19612, 0.78446)
     2       3.4615 (0.59136, 0.48384, 0.64512)
     3       3.9595 (0.58161, 0.55456, 0.59514)
     4       3.9974 (0.57846,  0.5717, 0.58185)
     5       3.9998 (0.57763, 0.57594, 0.57848)
     6       4.0000 (0.57742,   0.577, 0.57763)
     7       4.0000 (0.57737, 0.57726, 0.57742)
sympmethod-a5-b.txt
     k           mu x 
     1       0.0000 ( 0, -1,  0)
     2       1.0000 (-0.70711, -0.70711,        0)
     3       2.0000 (-0.66667, -0.66667, -0.33333)
     4       2.3333 (-0.70711, -0.56569, -0.42426)
     5       2.4000 (-0.70588, -0.52941, -0.47059)
     6       2.4118 (-0.70711, -0.51204, -0.48766)
     7       2.4138 (-0.70707, -0.50505, -0.49495)
     8       2.4141 (-0.70711, -0.50209,  -0.4979)
     9       2.4142 (-0.70711, -0.50087, -0.49913)
    10       2.4142 (-0.70711, -0.50036, -0.49964)
    11       2.4142 (-0.70711, -0.50015, -0.49985)
    12       2.4142 (-0.70711, -0.50006, -0.49994)
sympmethod-a5-c.txt
     k           mu x 
     1       3.1667 (-0.35112,  0.93633,        0)
     2       4.6164 (-0.27254,  0.94151, -0.19821)
     3       5.0282 (-0.24077,  0.93361, -0.26534)
     4       5.1028 (-0.23008,  0.92993, -0.28687)
     5       5.1188 (-0.22661,  0.92863, -0.29375)
     6       5.1230 ( -0.2255,  0.92821, -0.29594)
     7       5.1243 (-0.22514,  0.92807, -0.29664)
     8       5.1247 (-0.22503,  0.92803, -0.29687)
sympmethod-a5-d.txt
     k           mu x 
     1       1.7143 ( 0.62994, -0.25198,  0.37796,  0.62994)
     2       3.6825 ( 0.81609, 0.031388,  0.40805,  0.40805)
     3       4.7163 (0.85615, 0.18953, 0.33331, 0.34638)

A6. example 7.6.7
conjgrad-a6-a.txt
     k         norm x 
     1       4.0081 (0.13821,       0, 0.55285)
     2       0.9596 ( 0.15359, -0.16979,  0.59012)
conjgrad-a6-b.txt
     k         norm x 
     1      10.0864 ( 1.0937, 0.85066, 0.72914)
     2       1.1320 (0.99931, 0.96427, 0.77843)
conjgrad-a6-c.txt
     k         norm x 
     1      25.1329 ( 0.46542,   1.9393, -0.85328, -0.85328)
     2       9.0626 ( -0.7291,   2.5158, -0.67889,  -2.3319)
conjgrad-a6-d.txt
     k         norm x 
     1       1.9200 (-0.48, -0.24,     0,  0.24)
     2       1.3523 ( -0.70711, -0.095475,  -0.34411,   0.52561)
conjgrad-a6-e.txt
     k         norm x 
     1       8.0769 (1.1538, 1.1538, 1.1538, 1.1538, 1.1538)
     2       1.9538 ( 0.5336, 0.93676,  1.3399,  1.7431,  1.7431)
conjgrad-a6-f.txt
     k         norm x 
     1       5.8097 (      0,  1.1173,       0,  1.3407, -0.4469,  1.3407)
     2       2.4690 (0.35714,  1.4286, 0.35714,  1.5714, 0.28571,  1.5714)