0 1.6271140087690448e-05
1 5.5914380204043256e-03
2 1.1712236868320887e-03
3 4.4429388909294907e-04
4 2.5510193288396223e-04
5 1.1393337812548765e-04
6 6.6083739148800052e-05
7 3.9799467780878536e-05
8 3.0917279898576094e-05
9 3.0308899416911481e-05
10 1.5614964727289153e-05
11 9.3147088128759499e-06
12 9.4962605085799519e-06
13 7.9717402396888786e-06
14 6.0019162164474558e-06
15 4.5400383388368742e-06
16 4.3357368711110023e-06
17 3.1264399258450146e-06
18 2.4348882268778955e-06
19 1.8780015492711241e-06
20 2.4286433553159519e-06
21 1.6345715517227180e-06
22 1.4856743946532997e-06
23 1.2728318719258276e-06
24 1.1937848600437476e-06
25 1.6432294730900619e-06
26 1.0997345164694097e-06
27 9.6020562352449328e-07
28 8.8139319804759164e-07
29 7.5499386742911056e-07
30 6.3810203886639618e-07
31 7.6920872339264664e-07
32 6.7478591838974446e-07
33 5.5091966752900190e-07
34 9.6047922701709576e-07
35 5.6896729364973941e-07
36 1.0183277867145606e-06
37 5.0604331209379894e-07
38 6.7319853738067276e-07
39 4.1047260145951247e-07
40 6.8371413080354111e-07
41 4.3819266436949526e-07
42 3.7197971163170149e-07
43 3.1685744891438964e-07
44 3.4889943910183547e-07
45 3.7026616575659863e-07
46 3.3462745887251240e-07
47 5.2693190430609335e-07
48 2.9363256482149967e-07
49 3.0891118823312046e-07
50 2.7265643732468366e-07
51 3.6024510645844652e-07
52 4.1715705824282416e-07
53 2.9057934027186125e-07
54 2.2824478731219216e-07
55 2.1258160886374334e-07
56 1.8153412463118390e-07
57 1.7687366391393587e-07
58 1.6563388909467897e-07
59 2.6997071049089621e-07
60 1.2065427277764160e-07
61 1.8544698404651519e-07
62 1.3003848703992962e-07
63 9.7844151046491631e-08
64 1.7488696416153890e-07
65 1.0763654522396793e-07
66 1.4463794540911873e-07
67 1.3493781765822767e-07
68 1.3333450836538721e-07
69 8.5598796132512255e-08
70 1.4292238354395948e-07
71 7.0046319088430289e-08
72 6.5468216750820570e-08
73 6.5650783194245940e-08
74 5.9852600227412747e-08
75 6.3623315859132447e-08
76 9.5164579626594185e-08
77 7.4570331801678881e-08
78 6.6226775364778913e-08
79 5.8063119398355363e-08
80 5.2614434109067327e-08
81 1.4879809633066140e-07
82 4.8689616852544807e-08
83 7.7673691973284189e-08
84 6.8566673218410582e-08
85 8.2591975547264749e-08
86 6.0483367151407901e-08
87 6.2849344163829393e-08
88 4.2085650578504694e-08
89 8.9866233757102629e-08
90 3.6962425238993652e-08
91 4.5424450748470607e-08
92 4.3933060301126334e-08
93 6.6826345942295632e-08
94 3.5475604819992935e-08
95 3.7916783427876194e-08
96 2.5325616247397173e-08
97 2.9783490250155739e-08
98 4.4775883945188789e-08
99 3.6903565738149146e-08
100 2.4490608786362179e-08
101 2.3197188403862192e-08
102 2.5544625798840853e-08
103 3.8339428630070574e-08
104 3.7098401476015574e-08
105 2.1691453425785964e-08
106 3.0911065136531039e-08
107 2.2818890079022740e-08
108 3.0814220908419626e-08
109 1.8955389375094424e-08
110 4.1138147381213026e-08
111 1.8167679482923107e-08
112 3.4359154166978013e-08
113 2.4802974863874582e-08
114 2.9033426433338687e-08
115 2.1027752135255169e-08
116 1.8710799737494544e-08
117 2.6689232663321566e-08
118 2.6982673125273307e-08
119 2.5312012333836294e-08
120 1.5413676666357250e-08
121 2.0918511168875212e-08
122 1.6194952962248137e-08
123 1.9529948050296324e-08
124 1.9065729988032943e-08
125 1.8786533478890222e-08
126 1.6883018251380111e-08
127 1.3287441633668627e-08
128 1.3175056233672716e-08
129 3.1045792659984083e-08
130 1.8101491360581451e-08
131 1.3520128262327878e-08
132 1.5501827711089966e-08
133 1.2334408783420842e-08
134 1.4544077282307747e-08
135 1.2947209092207627e-08
136 1.7662234829379263e-08
137 1.4059811820777359e-08
138 1.1954571010275804e-08
139 2.8214805792825250e-08
140 1.1295948576702090e-08
141 1.6766627171240784e-08
142 1.7354521969939666e-08
143 1.8381612193678293e-08
144 1.7341733616612359e-08
145 1.2502084678625400e-08
146 2.1933592698299542e-08
147 1.6393334423448960e-08
148 1.1661525857404361e-08
149 1.3765871168851077e-08
150 8.6387737450955555e-09
151 9.8778377568410082e-09
152 9.7842696542003579e-09
153 8.1690091779639183e-09
154 1.3594160013537160e-08
155 7.7791297277110631e-09
156 1.2279122081004851e-08
157 6.2951390723801597e-09
158 6.3669861078344730e-09
159 1.9657369738926397e-08
160 6.5016377288291861e-09
161 1.2332802719621428e-08
162 1.0360755058261501e-08
163 6.5751929446048472e-09
164 7.8949799091322584e-09
165 7.3003769306134840e-09
166 1.2234990460399566e-08
167 7.3850237230314848e-09
168 8.5959317601908174e-09
169 7.7583083966420551e-09
170 1.1879400353263288e-08
171 5.9420677111492495e-09
172 7.7347124012277151e-09
173 5.5795021466538827e-09
174 9.2287092571913034e-09
175 6.9010554897034761e-09
176 9.8648886397876358e-09
177 1.0668100591500225e-08
178 5.1709708667521158e-09
179 6.3113204325072524e-09
180 5.4265750883697882e-09
181 1.0829081483363487e-08
182 7.6137500364336772e-09
183 4.9415261174632013e-09
184 5.2011662603886926e-09
185 6.9342907078523903e-09
186 7.7634137108623233e-09
187 5.8736952263269071e-09
188 6.4938617503338219e-09
189 4.4310316641104186e-09
190 8.7181297341076418e-09
191 5.0037500533987448e-09
192 8.0774991625690007e-09
193 4.6219345936700548e-09
194 9.6005932847515049e-09
195 3.6637041425536016e-09
196 7.9945311941568103e-09
197 4.5784202867906003e-09
198 4.7751057089821528e-09
199 4.6973066285282450e-09
200 3.9172617506564815e-09
201 4.4967355830639714e-09
202 7.7660667996560397e-09
203 4.6821195490070080e-09
204 3.8579594221502375e-09
205 3.2021165068039458e-09
206 3.8952578735071989e-09
207 5.5774771012454610e-09
208 5.3252312900551754e-09
209 4.4621934501208181e-09
210 3.1269925285806500e-09
211 5.8034343538031062e-09
212 5.2025124816749869e-09
213 3.3949452092488217e-09
214 3.4623573610909055e-09
215 4.5675106098839971e-09
216 3.3650775501680113e-09
217 4.0638189357982165e-09
218 5.2467085177025381e-09
219 2.9963632623057368e-09
220 2.6297909630596501e-09
221 5.2592878582298243e-09
222 5.8146902767487769e-09
223 3.4761150452891451e-09
224 3.3059075890921408e-09
225 3.8991403621135869e-09
226 7.4558563089397259e-09
227 2.3809885874639091e-09
228 3.3569903410895390e-09
229 2.5709766551359259e-09
230 3.0411998629821180e-09
231 2.6018754086045762e-09
232 2.6354160957181446e-09
233 3.5039742937710214e-09
234 2.5902073755160158e-09
235 3.7204875155545394e-09
236 2.9190423567674986e-09
237 2.9288346098769240e-09
238 2.9620068665169415e-09
239 3.4253180575443588e-09
240 3.5211220120521528e-09
241 5.2839937158420266e-09
242 3.1073663637656129e-09
243 2.3005669501331082e-09
244 3.5082228357551473e-09
245 2.7225024912559772e-09
246 1.9882331998022112e-09
247 3.9499824520821741e-09
248 1.6776819844869888e-09
249 2.7261719023394704e-09
250 2.7721905468221767e-09
251 2.2054536311346808e-09
252 2.4640706595275651e-09
253 1.4726379631796531e-09
254 1.5150767928152444e-09
255 2.0116668579298486e-09
256 3.7123761445220084e-09
257 2.5546381377025027e-09
258 2.0552050804307241e-09
259 1.5854245319259271e-09
260 3.4348401692684574e-09
261 1.3193577299235730e-09
262 3.5544501479372009e-09
263 1.5251646133421314e-09
264 1.4247009599642071e-09
265 1.7750026257815727e-09
266 1.5767383304796827e-09
267 2.4233096601401832e-09
268 1.1439932811471705e-09
269 1.7859214259570004e-09
270 1.6665953736321619e-09
271 2.5121709450764737e-09
272 1.3126794890033870e-09
273 3.7309112883955141e-09
274 1.1580212386487153e-09
275 2.5590685303857108e-09
276 1.2718206397926610e-09
277 1.5192467633383832e-09
278 1.0279217036512143e-09
279 2.1869454221299314e-09
280 1.6859469269377984e-09
281 1.2436861209154937e-09
282 1.2503836385062424e-09
283 1.3084461481175017e-09
284 8.7577139223467739e-10
285 2.5437359678457278e-09
286 1.2242594922970792e-09
287 9.5289994854508947e-10
288 2.1753538782742542e-09
289 2.1661555259025195e-09
290 8.7091418536907359e-10
291 1.7693026744476833e-09
292 1.0580142651029431e-09
293 9.6286604287497287e-10
294 1.1688388842744836e-09
295 1.8252223878631788e-09
296 9.2524846907448208e-10
297 1.2437635810100856e-09
298 1.2410422381806859e-09
299 1.5468163565649033e-09
300 1.1963181027481364e-09
301 1.3908794552333158e-09
302 1.2016212328716976e-09
303 8.4726803511926967e-10
304 1.2775074996296864e-09
305 1.8558900042223491e-09
306 1.2101177219845475e-09
307 6.8058583927050601e-10
308 7.9282391178502930e-10
309 7.2413878233714463e-10
310 1.2266822905533497e-09
311 7.3342665163078946e-10
312 8.7360452849353803e-10
313 8.4756712887753580e-10
314 6.7118586955339448e-10
315 9.5607409818003996e-10
316 9.5058265584532169e-10
317 7.0256055880372686e-10
318 1.8492785663639333e-09
319 6.6868085425057653e-10
320 1.5489062809500566e-09
321 8.4222122809642323e-10
322 1.2671603972453497e-09
323 1.0184141551142891e-09
324 8.1056920247149674e-10
325 7.1606148397415408e-10
326 8.6350314566738753e-10
327 9.2585420658548632e-10
328 7.5097465034238554e-10
329 7.5733096193618812e-10
330 8.2865109067814285e-10
331 4.9476690572772052e-10
332 8.1711957789476553e-10
333 6.4709885665416326e-10
334 6.8452461309621447e-10
335 7.8755628968028677e-10
336 9.9784667507756079e-10
337 1.2527737068596162e-09
338 5.2786283661868378e-10
339 5.5540313106017511e-10
340 1.5344003519230561e-09
341 4.0625588166905697e-10
342 5.8412240960727546e-10
343 5.4733984739613795e-10
344 7.4710529786763443e-10
345 5.3028715505766687e-10
346 5.6819104587500208e-10
347 5.2666134082434803e-10
348 8.7728961951324840e-10
349 4.2871305854178299e-10
350 3.6866846497584185e-10
351 8.6083246535416817e-10
352 9.5724674522229513e-10
353 4.7810648019323513e-10
354 3.3436217875434976e-10
355 5.9377553869699437e-10
356 3.8017600684946497e-10
357 6.5368179256519913e-10
358 6.5846823154611614e-10
359 4.2335967628433022e-10
360 5.2759293942142211e-10
361 3.1421481874945730e-10
362 6.9106445704055560e-10
363 2.5846016583033089e-10
364 3.4207318385962550e-10
365 4.9773218717939024e-10
366 4.8280328361043860e-10
367 4.1581613113654083e-10
368 4.6544294840184441e-10
369 6.6933709396186483e-10
370 3.4035505225953222e-10
371 3.0978110449285577e-10
372 4.5366883253839195e-10
373 4.2684909796335245e-10
374 2.9384707780262897e-10
375 4.9309553959445130e-10
376 2.4835512736338545e-10
377 6.1110676246552691e-10
378 3.7328305769344694e-10
379 4.2118576086352321e-10
380 2.2835450690356921e-10
381 2.2045423233779878e-10
382 5.9846746037185838e-10
383 2.9133916443349000e-10
384 3.4656442186773255e-10
385 3.1942556973672440e-10
386 2.7663664170278532e-10
387 2.1005006370188700e-10
388 3.2424405536308284e-10
389 2.8506475185714430e-10
390 2.7917402001431793e-10
391 3.2292883668953648e-10
392 3.4229164307338531e-10
393 1.8843239269364644e-10
394 3.1022140879136465e-10
395 3.3988796601840775e-10
396 3.9163789338174488e-10
397 4.1013378492602251e-10
398 3.2612284789918178e-10
399 3.0984088216776202e-10
400 2.1625241144029356e-10
401 2.8905753618398229e-10
402 2.0779449315589970e-10
403 2.7266726209789588e-10
404 2.9966664608408710e-10
405 1.9802458333406759e-10
406 1.7177867193803989e-10
407 2.4889214479615741e-10
408 2.0456560823723604e-10
409 2.9501950480510596e-10
410 3.5740229320758839e-10
411 2.2665186806808069e-10
412 2.1630264077574628e-10
413 3.2569386981332050e-10
414 2.0253150067576123e-10
415 2.4562847647036564e-10
416 4.0881651790589420e-10
417 1.8865589083416534e-10
418 2.2471219460766922e-10
419 4.0034687355583003e-10
420 1.6987011430255450e-10
421 2.6206230303725282e-10
422 1.4196773768801004e-10
423 3.5210604108075291e-10
424 1.7854650772954541e-10
425 2.0375341564105860e-10
426 2.0019374799013365e-10
427 2.4160971606906769e-10
428 2.1486845762440347e-10
429 4.0808976163419043e-10
430 1.7602424708984630e-10
431 2.0131241343814784e-10
432 1.8759687199533972e-10
433 1.3587200799196308e-10
434 1.5575571398788657e-10
435 3.4436255394239680e-10
436 2.0293161318513839e-10
437 2.1984406818450443e-10
438 1.5652886362408965e-10
439 1.9726184562496349e-10
440 1.3063382654761416e-10
441 1.4079482580703303e-10
442 1.7293235777960075e-10
443 1.9854102128486850e-10
444 1.8650522259974578e-10
445 3.1356831170709523e-10
446 1.4957642714822084e-10
447 1.2636572791510859e-10
448 1.9458708768035143e-10
449 1.5407065463064810e-10
450 1.3455718228382266e-10
451 1.4043772618297799e-10
452 1.7248590778021303e-10
453 1.7012070292314285e-10
454 2.0530886772325513e-10
455 1.2849066905005666e-10
456 1.3187267774627172e-10
457 1.7008257490077484e-10
458 1.3073561679535037e-10
459 1.8296723451165705e-10
460 1.5778598080456931e-10
461 1.9088682416790497e-10
462 2.1288236500483017e-10
463 1.2713436145040050e-10
464 1.3213239683658178e-10
465 1.5340984353124345e-10
466 1.0490508203493579e-10
467 1.3602436481082415e-10
468 1.2669600542779447e-10
469 2.2247312150195203e-10
470 1.1184306823054175e-10
471 9.6351327600181333e-11
472 1.5331650179270239e-10
473 1.0901049977223257e-10
474 1.9664278968472401e-10
475 1.6302660693748801e-10
476 1.2213465329464265e-10
477 2.2381622343481569e-10
478 1.0277838579508963e-10
479 2.0730033719561131e-10
480 1.0299275180212407e-10
481 9.9312212553958243e-11
482 9.7450219578552222e-11
483 1.1666491845430907e-10
484 1.0163618530258905e-10
485 1.0819099083872567e-10
486 1.3918247090539607e-10
487 1.3012783073369118e-10
488 6.9898292547782236e-11
489 1.7397254292291852e-10
490 1.1253261010960252e-10
491 1.4747578431912510e-10
492 9.7284718801666145e-11
493 2.4387170486891979e-10
494 9.4760570575321277e-11
495 1.7062129503109892e-10
496 1.1888035406493768e-10
497 1.0605759196688262e-10
498 1.4432704153760975e-10
499 9.8760558481289924e-11
500 1.3639999991752416e-10
501 7.8458163061591764e-11
502 1.3856863243875286e-10
503 1.1119854233588252e-10
504 1.1250455506017352e-10
505 9.7195587444369312e-11
506 1.2701834578224717e-10
507 6.9061611520370481e-11
508 1.5216657383560119e-10
509 1.1066720588708610e-10
510 1.0924791758825128e-10
511 9.3272357525283834e-11
512 1.1380259642878030e-10
513 1.6189496586668331e-10
514 7.3237776446861856e-11
515 9.5758945040711612e-11
516 9.5780347403231980e-11
517 8.8596515272292730e-11
518 9.9023395901255709e-11
519 1.2049927964395527e-10
520 9.7382672784804623e-11
521 9.2658913841295408e-11
522 8.6001312314176801e-11
523 1.2098443803369719e-10
524 8.8766945969110907e-11
525 1.1822743718172497e-10
526 1.8158570469192949e-10
527 6.5758620907528484e-11
528 1.2186042059416393e-10
529 1.2079985221568412e-10
530 5.9291007790602533e-11
531 9.1282906714811504e-11
532 9.6959750554070937e-11
533 9.9653405106606101e-11
534 1.0084982891763718e-10
535 7.5130464528769842e-11
536 8.7604196544053923e-11
537 9.5748261207544711e-11
538 8.2114178343329801e-11
539 9.6558782463525838e-11
540 6.0651510701873243e-11
541 1.2144355495797195e-10
542 6.5265565547332503e-11
543 1.0116687605140685e-10
544 6.9099984517086411e-11
545 9.7365213958670113e-11
546 4.9459538508005452e-11
547 5.8490849674545022e-11
548 1.4076324176205843e-10
549 7.6104273885375152e-11
550 1.1872486308993844e-10
551 1.0142518515702601e-10
552 9.7937148623300025e-11
553 1.1241247959001106e-10
554 7.6920609852463621e-11
555 6.0534320602501384e-11
556 7.8952774335901757e-11
557 1.0846563610780175e-10
558 6.9970960469172944e-11
559 6.1035117250920633e-11
560 7.3314945694547651e-11
561 5.7372038848379634e-11
562 6.6701563552010248e-11
563 7.0489447988640573e-11
564 7.4085182021911378e-11
565 7.1429173106534181e-11
566 5.8252343308785535e-11
567 5.5872604169052738e-11
568 1.0039956179526290e-10
569 7.0361438714513255e-11
570 8.6206480358492080e-11
571 6.6021523861926130e-11
572 7.4537215409093517e-11
573 1.2353368348468335e-10
574 5.4389283477866478e-11
575 5.6938124080333683e-11
576 8.7006869271321613e-11
577 8.7264546018689996e-11
578 4.3164988740698072e-11
579 1.0692328459479624e-10
580 4.4285761955421743e-11
581 5.1978709033989131e-11
582 7.0936071282482557e-11
583 4.7148669310735438e-11
584 7.5852153032497558e-11
585 4.5998310450942270e-11
586 7.0097133737387768e-11
587 8.9728700966629909e-11
588 9.3925763362443541e-11
589 8.8740013083719683e-11
590 4.0620784564508489e-11
591 1.1392467654790048e-10
592 5.5354560801873206e-11
593 5.1074035623713415e-11
594 4.8678006273601516e-11
595 7.3344618695396555e-11
596 8.9839237968141355e-11
597 3.7336453915049674e-11
598 7.2796623942863223e-11
599 3.7988609964039720e-11
600 5.9219710030659957e-11
601 5.2529682855806764e-11
602 8.7011656077941330e-11
603 5.0282017030964900e-11
604 5.0799143095430662e-11
605 6.6412352222315576e-11
606 5.3392489443013604e-11
607 3.9523002263302501e-11
608 3.6802013186659545e-11
609 5.8616437578802371e-11
610 8.6511638993727027e-11
611 3.4886658134351675e-11
612 4.2151295680199564e-11
613 6.2555667895970789e-11
614 5.9748247694027116e-11
615 4.4709034968215338e-11
616 5.2132199509081382e-11
617 3.2790758702993049e-11
618 4.5417644130412960e-11
619 5.5141627083553015e-11
620 3.4857978835939097e-11
621 5.9125280495179805e-11
622 6.9516062652550233e-11
623 4.7581782222882957e-11
624 3.4589570414091304e-11
625 3.5959068316545240e-11
626 8.8638182895649132e-11
627 3.7264506014745812e-11
628 4.2987427780745019e-11
629 4.8048506493228259e-11
630 6.9043159718990477e-11
631 3.5594675030837779e-11
632 5.0429178031492166e-11
633 2.9308644452055109e-11
634 3.7984872124682500e-11
635 3.9580868535616531e-11
636 5.2183395619423496e-11
637 2.3992059139209158e-11
638 7.8275952735964721e-11
639 3.9868765291776043e-11
640 4.2649905468027559e-11
641 3.7845404063161638e-11
642 2.5931265411412574e-11
643 3.0132148877316187e-11
644 3.2975497856705859e-11
645 5.2320067133624805e-11
646 2.8121090816949983e-11
647 4.8160420652418076e-11
648 2.3919941907902407e-11
649 3.3826873022455484e-11
650 2.4637417551515643e-11
651 2.2376378955677373e-11
652 3.8538069316712038e-11
653 2.6250576622072733e-11
654 5.2066926950009421e-11
655 2.3937900434599000e-11
656 3.7122708992303844e-11
657 2.4858975391412898e-11
658 2.2536977250954591e-11
659 2.3449030124248147e-11
660 1.9667244848961564e-11
661 2.0382282628516051e-11
662 2.5498494496863195e-11
663 4.8232617725604859e-11
664 1.5968122708053246e-11
665 2.4377630232120987e-11
666 3.9696875928443418e-11
667 1.8499453716202735e-11
668 2.4791621551204837e-11
669 1.7444308027264214e-11
670 4.0016799014858182e-11
671 2.3940985651788829e-11
672 1.5081137623153505e-11
673 4.7385864638975866e-11
674 1.4591668905137201e-11
675 2.3517279351079469e-11
676 1.6574010027479617e-11
677 2.6839934924703386e-11
678 1.3836101676747914e-11
679 2.5389858918218474e-11
680 3.0049737230275003e-11
681 1.9566637529328300e-11
682 1.3334859072786122e-11
683 1.6513859659384826e-11
684 1.6334802255093512e-11
685 1.4361290075803062e-11
686 1.5625887596847052e-11
687 1.4641349527275868e-11
688 1.4665054797841321e-11
689 2.0735536565406553e-11
690 1.3336512837764909e-11
691 2.4453242538356495e-11
692 9.2908978641949952e-12
693 1.4368983868495540e-11
694 8.4048725839445420e-12
695 2.7478508284460155e-11
696 1.3059643647250494e-11
697 8.4728252301752951e-12
698 9.4356613603047864e-12
699 1.5229566015425600e-11
700 9.4366101472432895e-12
701 1.5215970526022175e-11
702 1.1930737046784843e-11
703 1.2660417312193023e-11
704 1.1513954155166566e-11
705 1.7455605264677149e-11
706 1.3924285564716218e-11
707 1.6877898969710836e-11
708 9.1543592983005023e-12
709 9.8553955869269970e-12
710 7.2668327267710115e-12
711 1.2674849938627851e-11
712 1.0591574833188399e-11
713 7.0972425016153113e-12
714 1.1366309203323302e-11
715 1.0751314233988318e-11
716 7.8730552616127374e-12
717 7.6399089812280744e-12
718 8.5344420726074428e-12
719 1.2023017520770550e-11
720 1.2479867552829998e-11
721 7.3413803381640578e-12
722 1.7107804622932386e-11
723 8.8071836535929504e-12
724 6.4682698611139294e-12
725 1.1002280444110815e-11
726 1.0874055505634480e-11
727 5.2334582315435734e-12
728 9.3283549264671546e-12
729 9.3073033264987475e-12
730 5.6286246411512759e-12
731 1.1670173046253238e-11
732 5.1485199626119920e-12
733 9.5141727498604468e-12
734 4.1473928748550542e-12
735 8.2463581469900111e-12
736 4.8620770384040847e-12
737 1.7449567239368386e-11
738 4.2294670705975562e-12
739 7.0549723085647560e-12
740 5.7064671837849069e-12
741 6.2437314694542982e-12
742 4.7049600865448647e-12
743 5.1963770787411194e-12
744 1.0116773570339576e-11
745 5.9260025717588401e-12
746 5.9547322935897397e-12
747 4.4132201143335368e-12
748 4.8808667617058009e-12
749 4.3249611618227459e-12
750 4.1218949692436157e-12
751 4.6574958506788208e-12
752 5.7749132009757895e-12
753 4.0864319229596369e-12
754 7.2439382770230852e-12
755 4.1280555263543224e-12
756 3.2055558727585489e-12
757 6.2483710608016299e-12
758 4.4356288443753422e-12
759 2.8267179370021143e-12
760 2.8346396465235198e-12
761 7.9546734267332015e-12
762 3.8633287233522246e-12
763 2.7829259721977155e-12
764 7.5097918602736522e-12
765 3.0833842014872204e-12
766 3.6862691136046182e-12
767 3.8133073528128492e-12
768 3.0826271143363516e-12
769 8.3537973267979719e-12
770 3.3550631026788048e-12
771 3.2103272905445717e-12
772 3.8153616445829991e-12
773 2.9833986367096281e-12
774 3.2844939251423196e-12
775 3.4605306492282889e-12
776 2.3747343632179439e-12
777 2.6604589605788649e-12
778 4.3880557477025262e-12
779 2.1185564776701000e-12
780 2.4183277358319206e-12
781 4.1117909391003476e-12
782 2.7850880468796957e-12
783 4.1765388686790937e-12
784 2.3306763529484072e-12
785 2.1891139845276986e-12
786 2.2348251061872258e-12
787 4.9479101138009133e-12
788 2.2781244658568574e-12
789 2.1037758201686204e-12
790 2.1420084515228023e-12
791 3.1069442083345948e-12
792 1.7606568015880279e-12
793 1.7154588059259009e-12
794 4.0583581931089908e-12
795 1.7668542906008614e-12
796 1.9147889159192249e-12
797 2.0212686530136948e-12
798 2.2948448596151074e-12
799 1.7775722079350781e-12
800 4.7718542323244203e-12
801 1.9461125078081317e-12
802 1.5465809826828239e-12
803 3.3312566471693724e-12
804 2.6939678263323792e-12
805 1.8224254805930671e-12
806 1.7324451543702316e-12
807 2.2148318424961055e-12
808 2.1686556639690813e-12
809 1.9864780990260024e-12
810 1.3839647439168005e-12
811 1.6273681758106008e-12
812 2.1349516092289947e-12
813 1.1730673840562745e-12
814 1.9369970009073281e-12
815 2.6266199000465741e-12
816 1.2636111351343521e-12
817 1.0992665100405891e-12
818 2.7222707692071996e-12
819 1.3948557676220695e-12
820 3.5055758083141681e-12
821 1.4377733007330778e-12
822 1.8758198606446265e-12
823 1.3596334428039385e-12
824 1.3953274265745379e-12
825 1.1621270918285640e-12
826 1.4993856361561569e-12
827 1.0848987777093530e-12
828 1.6003749286883723e-12
829 9.3018865807435687e-13
830 1.1054708591183078e-12
831 2.2399342119243624e-12
832 1.4561588897319519e-12
833 1.3460455677556384e-12
834 1.0350143184928013e-12
835 1.4398138272008161e-12
836 1.4464970476873182e-12
837 1.5292926106660648e-12
838 1.3806380499175323e-12
839 1.4242675788482479e-12
840 1.5085670714751948e-12
841 1.1490169364798944e-12
842 1.1099124515246488e-12
843 1.0825774281304367e-12
844 9.2219428831816966e-13
845 1.0255569140419270e-12
846 1.1839033285710600e-12
847 1.1969940741268982e-12
848 9.8888358348098040e-13
849 8.4753343535015788e-13
850 8.6964277651226650e-13
851 1.1655372617747116e-12
852 9.7431907418024392e-13
853 1.0248623372401549e-12
854 1.8722964989490812e-12
855 8.9050095754551856e-13
856 8.5244239749980330e-13
857 1.0293857147069537e-12
858 9.0461580136425280e-13
859 1.4451826163940012e-12
860 1.1393633155038935e-12
861 8.9059947931645862e-13
862 7.9023261500601187e-13
863 7.1226939584450664e-13
864 6.4217226226605336e-13
865 1.5006286032035312e-12
866 7.5711521794993376e-13
867 6.2538574178820031e-13
868 9.1659260531280025e-13
869 7.5195817219089112e-13
870 1.0984244448799110e-12
871 9.6052301834621445e-13
872 8.3350744545022743e-13
873 6.4424822803612806e-13
874 5.4712397185669637e-13
875 5.9408636545524932e-13
876 5.3382116641633640e-13
877 9.6653310101413948e-13
878 9.7166376891671675e-13
879 5.4272893000419980e-13
880 6.2074538237898725e-13
881 4.0698291358654532e-13
882 8.0599386445143124e-13
883 5.7018254439339259e-13
884 5.0536486190141877e-13
885 4.0791538929925047e-13
886 1.1768913884082666e-12
887 4.9436623110029070e-13
888 5.4141353042916242e-13
889 4.8289962286975242e-13
890 7.7439484877905281e-13
891 5.9001369398077505e-13
892 4.1653312756349868e-13
893 6.6802574255616663e-13
894 4.1615450985838021e-13
895 5.5078215036380218e-13
896 3.7282041041065108e-13
897 6.6902889355465925e-13
898 5.6841080453919315e-13
899 3.4495879432394479e-13
900 5.6545058221241355e-13
901 3.6984386862746148e-13
902 5.7085567002727438e-13
903 5.9757697127629495e-13
904 4.6192566410740232e-13
905 4.5961146093305480e-13
906 3.6677992917111230e-13
907 3.1465490987445668e-13
908 3.4526169783087006e-13
909 3.6600082615643053e-13
910 6.2627656245150580e-13
911 3.4884938832401711e-13
912 2.5930985258199192e-13
913 3.5109118544067803e-13
914 2.7876066228618698e-13
915 6.4374502454829134e-13
916 2.0800977611058407e-13
917 5.6378458627363676e-13
918 4.5841129591224558e-13
919 6.3325424543816736e-13
920 1.9095945336525564e-13
921 5.9550360807897711e-13
922 2.1088443747810220e-13
923 2.1586110584354560e-13
924 2.3306333785985727e-13
925 2.1786238451969333e-13
926 4.3450399202308801e-13
927 2.3607715844389575e-13
928 3.3082209608270789e-13
929 2.0373985321000910e-13
930 2.0586530367537467e-13
931 2.7412525658853654e-13
932 3.1831110896823961e-13
933 2.4123626060574332e-13
934 2.0090538108425054e-13
935 3.3140671034421649e-13
936 2.8645241726636735e-13
937 2.1897146205291535e-13
938 3.2638272818018929e-13
939 2.2135512190091746e-13
940 1.4609293088724527e-13
941 2.8226759524608316e-13
942 2.1959455712637098e-13
943 2.0361668767309191e-13
944 1.3627084723913258e-13
945 4.0283043061624107e-13
946 1.8156827093409777e-13
947 1.9886642520667648e-13
948 1.2209466800430966e-13
949 2.7620025928750381e-13
950 2.6958284120744902e-13
951 1.1926142150418544e-13
952 2.1269709696575140e-13
953 1.6292436093931634e-13
954 1.2589152241941904e-13
955 2.4228281422140114e-13
956 1.2264158544810238e-13
957 1.6240496508775963e-13
958 1.5162277556520925e-13
959 1.7101511037550501e-13
960 1.7068046014700770e-13
961 1.3558138827381066e-13
962 1.1359872150340091e-13
963 1.9036321762796292e-13
964 1.8836976478837146e-13
965 1.0502508147330208e-13
966 2.1671105232809251e-13
967 1.3146797985486285e-13
968 1.8531115778303738e-13
969 8.9566686374473970e-14
970 2.0266379805238082e-13
971 9.2802685604118285e-14
972 1.2271283742858339e-13
973 1.0280257986694104e-13
974 1.1479231057372259e-13
975 1.4691392749126550e-13
976 1.5682896094558009e-13
977 1.4215439763991568e-13
978 1.0327739008855748e-13
979 9.7518391466740412e-14
980 1.4253189334989258e-13
981 1.0372185127975790e-13
982 9.2497823414016964e-14
983 8.5151080589224434e-14
984 1.0144951377495844e-13
985 1.7488488905716844e-13
986 9.9798530348217997e-14
987 1.0134331676371958e-13
988 8.8631314547544278e-14
989 9.2472620192314322e-14
990 1.5910475301772193e-13
991 1.5683494063300475e-13
992 6.0399510153730575e-14
993 1.1338369686406545e-13
994 1.5890444338995439e-13
995 8.1198375190238206e-14
996 1.7175501287168515e-13
997 9.8097617135320960e-14
998 1.0562071670769432e-13
999 7.2621373608866231e-14
1000 7.8598934558386966e-14
