0 1.6271140095271749e-01
1 6.8655184036896037e-07
2 9.4690993663415235e-08
3 3.6842018082399212e-08
4 1.7690051026638602e-08
5 8.7250519470603734e-09
6 5.0898601869110949e-09
7 3.2179924480340658e-09
8 2.7577108215855583e-09
9 2.4627213976257666e-09
10 1.7187720737048162e-09
11 9.6250653595539815e-10
12 9.2239125018483748e-10
13 9.5203902353743554e-10
14 6.8883650693223096e-10
15 4.5652745262834658e-10
16 3.8491927522951251e-10
17 2.8250268694600859e-10
18 2.3951903100742568e-10
19 2.1922227175497792e-10
20 1.6614662866177513e-10
21 3.0398594561471863e-10
22 1.6711654251857387e-10
23 1.1532136378587867e-10
24 1.1060519896487602e-10
25 9.5520960713588767e-11
26 1.3779838301509153e-10
27 1.1839497711859569e-10
28 8.1559222117170797e-11
29 6.7690609492457438e-11
30 5.6486553783795084e-11
31 5.1100306543772785e-11
32 8.4677232251806035e-11
33 4.3814658939030123e-11
34 5.2176573971499170e-11
35 5.1595411791385304e-11
36 3.4433763231579363e-11
37 6.3798921620632896e-11
38 3.8918645416274643e-11
39 4.7098489706743359e-11
40 3.2221965912527877e-11
41 4.5355363698139562e-11
42 2.5578329142418263e-11
43 2.0316949928978652e-11
44 2.2299039638562987e-11
45 2.5172204322510762e-11
46 2.0399724057709701e-11
47 1.6638909119955193e-11
48 2.0899594474126025e-11
49 2.8253455903183470e-11
50 1.5153020600292618e-11
