0 1.6271140095320063e-03
1 6.8193289786854495e-05
2 9.6113836584157786e-06
3 3.9316744747071077e-06
4 1.8525656142928329e-06
5 8.7785442234039188e-07
6 4.7247713674748269e-07
7 2.7093911602861742e-07
8 2.2768192664708101e-07
9 2.5165025760894341e-07
10 1.9349270478659250e-07
11 9.7127355568588969e-08
12 7.7459414388407512e-08
13 7.8966264347621936e-08
14 5.7334189473993350e-08
15 3.1507539217055563e-08
16 2.3892977844625058e-08
17 2.0054742736373612e-08
18 1.6950081322965264e-08
19 1.8513945198603499e-08
20 1.9485292239870892e-08
21 2.3809241017761684e-08
22 1.7568732157618191e-08
23 1.3439123238671046e-08
24 1.1672051300999256e-08
25 1.1891278222714944e-08
26 1.1034732644715108e-08
27 7.7229510324888751e-09
28 6.8736401879573160e-09
29 6.1838150951950533e-09
30 6.0952699947681308e-09
31 4.9982033693302015e-09
32 8.6471517734458960e-09
33 4.4432736321357865e-09
34 4.1551884358318043e-09
35 4.8802749212718011e-09
36 4.0654043737976994e-09
37 4.2827230318509836e-09
38 5.0422578982733433e-09
39 2.9111744583717363e-09
40 4.8537761755369124e-09
41 2.9373877328137772e-09
42 2.4995031748071074e-09
43 2.0878103024787515e-09
44 2.3112091399577660e-09
45 1.9362198919231154e-09
46 2.6684822103157820e-09
47 3.0569853974798176e-09
48 2.3844158270016619e-09
49 2.1525210879160388e-09
50 2.4303794148951168e-09
51 1.8802736105434084e-09
52 1.5801780553416729e-09
53 2.2211195386483578e-09
54 1.8308535947321359e-09
55 1.4849951014299252e-09
56 1.3604982429257633e-09
57 1.4823523457381989e-09
58 1.2459846458496609e-09
59 1.3686088722506083e-09
60 1.5575463152634042e-09
61 1.0889948704658385e-09
62 1.5080640980138363e-09
63 1.5025239874438761e-09
64 9.8786012443456330e-10
65 1.3656853906076200e-09
66 1.0368243334568800e-09
67 9.5977941163330951e-10
68 1.2912094358132585e-09
69 8.1427817669094674e-10
70 7.7027109996246814e-10
71 1.3550929548046852e-09
72 5.9460082971087108e-10
73 5.7389850598466423e-10
74 6.2153749596035681e-10
75 6.9024616605248688e-10
76 6.7679856427192327e-10
77 5.1244063192428924e-10
78 5.4569449336352642e-10
79 8.0524752934738504e-10
80 5.1778673867570833e-10
81 5.2787078812397222e-10
82 7.0382466206407426e-10
83 9.1942555051830623e-10
84 4.4966665493289849e-10
85 9.0415323321147614e-10
86 3.6293037882612969e-10
87 9.1864171472302098e-10
88 3.3382944448343076e-10
89 7.2244587371928634e-10
90 3.3593506163929030e-10
91 5.0526955158881865e-10
92 2.6183730428691663e-10
93 6.3073906699630260e-10
94 2.7471585118345328e-10
95 3.2582285311884004e-10
96 2.4509540771299878e-10
97 2.0956171916610964e-10
98 2.7918944782343906e-10
99 3.0282365856550686e-10
100 2.8306293377391257e-10
101 2.5505657224553906e-10
102 2.1383094329787739e-10
103 1.8348065065994304e-10
104 2.1643221873297304e-10
105 2.8162418549941255e-10
106 2.1937879458933417e-10
107 1.4696070171852270e-10
108 1.5113719086851082e-10
109 3.1040824888658303e-10
110 2.0699974773345001e-10
111 2.1201297233155041e-10
112 2.5242336512249737e-10
113 2.0507363636411627e-10
114 1.8967250287598943e-10
115 2.1616882337587192e-10
116 3.3690859815161637e-10
117 1.6739943683436971e-10
118 1.9842395801934364e-10
119 2.2145242169822958e-10
120 1.6859907172195838e-10
121 1.6890647839368535e-10
122 1.2407369374835386e-10
123 1.6441119240162759e-10
124 1.1989617924320707e-10
125 1.5804131450197388e-10
126 1.3135278430503319e-10
127 1.7389241574807000e-10
128 1.2455648812333562e-10
129 1.1706852307966692e-10
130 1.2575868539653050e-10
131 1.9381071868072825e-10
132 1.0986357320008138e-10
133 1.2492342602960057e-10
134 8.3813026565919488e-11
135 9.9436776705727836e-11
136 8.3867439755701369e-11
137 1.6198667929166130e-10
138 9.0184479413077919e-11
139 9.1445981243549067e-11
140 7.5806446987656002e-11
141 9.5130151893564663e-11
142 8.8309610617770907e-11
143 1.1927871977186905e-10
144 7.5853864269321978e-11
145 6.2917722334789040e-11
146 1.5429886045670527e-10
147 1.2858472114331022e-10
148 8.0640504947165719e-11
149 8.6096516873652870e-11
150 1.2221918078388956e-10
151 9.4839198818271730e-11
152 6.7661373085287581e-11
153 1.0079921055813406e-10
154 6.9783101577347450e-11
155 6.7643581983563700e-11
156 5.2165050405197736e-11
157 5.1128206008035692e-11
158 4.7515837726308375e-11
159 5.3672851528996870e-11
160 1.1594893532548360e-10
161 5.6809722190983179e-11
162 8.2265260272166831e-11
163 4.8762763383001788e-11
164 1.0891546528112815e-10
165 4.2824558443871781e-11
166 9.0199685647244403e-11
167 5.1302255655338367e-11
168 7.6215977899368206e-11
169 8.4643831911682281e-11
170 5.6668540124689923e-11
171 7.9685859878284211e-11
172 5.5175886227734035e-11
173 3.8154118390627150e-11
174 5.2373210578352995e-11
175 5.1218015946430844e-11
176 8.1701355584096555e-11
177 7.4088717448629873e-11
178 7.0848461305419306e-11
179 4.0058175404323003e-11
180 5.2659189114693302e-11
181 5.2970280312182072e-11
182 5.2384293285180702e-11
183 4.6927922948856143e-11
184 3.7719618577422958e-11
185 5.4149250588735444e-11
186 3.8206454487730548e-11
187 8.5146300684311678e-11
188 4.2694136701679451e-11
189 5.3550102391752628e-11
190 4.7254402485182892e-11
191 5.6031411678293873e-11
192 3.6585827703419951e-11
193 4.7012780409412369e-11
194 5.6855206283891963e-11
195 4.7469763405803827e-11
196 4.2579384658028184e-11
197 3.3013198976019785e-11
198 6.3720304690694527e-11
199 2.7821629518036173e-11
200 2.7378360201607222e-11
201 3.8057460303463967e-11
202 3.0262927242359904e-11
203 3.0589294113940976e-11
204 3.8423276602874323e-11
205 2.4946180276459474e-11
206 5.8969586097071724e-11
207 2.8245489549246918e-11
208 5.4377958468706424e-11
209 4.0324342725573981e-11
210 3.2905347506199885e-11
211 3.4487152005650677e-11
212 3.5824180832099508e-11
213 2.6730918428559530e-11
214 3.6811594455483847e-11
215 2.9901581373840991e-11
216 2.9813407742213099e-11
217 4.1979473367343297e-11
218 2.7505690086272625e-11
219 3.1839077391327677e-11
220 4.5778830628902246e-11
221 3.1982877442394644e-11
222 2.0978057831998941e-11
223 5.4416969701718361e-11
224 2.7794773215956832e-11
225 3.2992499509860360e-11
226 2.4455469446425176e-11
227 2.2427698827066742e-11
228 2.1420376083523479e-11
229 2.1587216956178804e-11
230 2.2917418113360443e-11
231 5.0914361457499146e-11
232 2.7522499673838934e-11
233 1.6531160405106281e-11
234 1.6812685915113990e-11
235 2.1114898265517909e-11
236 1.9408748069834347e-11
237 2.3727947180520319e-11
238 3.1089733112129619e-11
239 3.3001320920406241e-11
240 2.4670726475134279e-11
241 1.5292939967177626e-11
242 1.5893938428904523e-11
243 2.5979096263880201e-11
244 1.9041874962098981e-11
245 2.5338671479809415e-11
246 2.0479784167699649e-11
247 2.6234137176636119e-11
248 1.6719437623440205e-11
249 2.9045630476207872e-11
250 1.7760607781312818e-11
251 1.8643372525221792e-11
252 2.6501827328120522e-11
253 1.2077817998677365e-11
254 1.2040875843453631e-11
255 2.4631922194949000e-11
256 2.9699072003772595e-11
257 1.2716723707810181e-11
258 1.1668235694545005e-11
259 1.2829830956572795e-11
260 1.3100108216117375e-11
261 1.0213122963332130e-11
262 1.6957065541102502e-11
263 1.9189634205065553e-11
264 1.1363182620409289e-11
265 1.0961079265428164e-11
266 2.5617935308779105e-11
267 9.1112985510999722e-12
268 2.6011944232670639e-11
269 1.2089329882984277e-11
270 1.2707301111237887e-11
271 1.5541113332302109e-11
272 1.0355361609420538e-11
273 9.5975976065797456e-12
274 1.9479750442971892e-11
275 9.4746501948480444e-12
276 1.3490607900125633e-11
277 1.2218646112022907e-11
278 1.0505098569003276e-11
279 9.0178756819741801e-12
280 6.8160699698106324e-12
281 1.1380387168677048e-11
282 8.4036571617972864e-12
283 7.9485802651873109e-12
284 2.0430543242966909e-11
285 1.0278144350530299e-11
286 9.4506240943584169e-12
287 1.1113682758696858e-11
288 7.9577590378498845e-12
289 9.3449780299860966e-12
290 1.1127451661444845e-11
291 5.6855719878329736e-12
292 7.3735635428689454e-12
293 6.0381510417336536e-12
294 1.3297287100597095e-11
295 7.2553313165873897e-12
296 6.5093316860092899e-12
297 1.2293457547653818e-11
298 6.4078949171779250e-12
299 5.8611576875828492e-12
300 9.9826587743717110e-12
301 1.0690682961043243e-11
302 1.0533067648771916e-11
303 5.1616306404378067e-12
304 6.7837785824182930e-12
305 4.6256851848176741e-12
306 1.3366649193995901e-11
307 6.5793240136822642e-12
308 5.3030733188750707e-12
309 5.9705671959677684e-12
310 5.1780338609840822e-12
311 4.6219000192341528e-12
312 6.8793346101898733e-12
313 5.4111861554512474e-12
314 4.8793588861290060e-12
315 5.7292896388110779e-12
316 1.0760620203496639e-11
317 3.9618487341195267e-12
318 4.9938401240325773e-12
319 7.5859241996807269e-12
320 3.9231889791423599e-12
321 6.8696010809752041e-12
322 5.0776041809458074e-12
323 6.6706513986272324e-12
324 4.0882520773308250e-12
325 7.9501663267529223e-12
326 4.8629277065564541e-12
327 4.9495314219775772e-12
328 7.2687241911061118e-12
329 3.5886870526817285e-12
330 5.2357114959012584e-12
331 3.5938922743817328e-12
332 3.9250590485761424e-12
333 7.2880092146745856e-12
334 3.5208325229485924e-12
335 4.1131313026479665e-12
336 4.4496497085797778e-12
337 2.8310334759973697e-12
338 4.3228279064263953e-12
339 4.9982971113603165e-12
340 3.7703090883869014e-12
341 3.7282039987502441e-12
342 4.5397098132925131e-12
343 5.4196264699470388e-12
344 4.3851988862202273e-12
345 3.0189405356162553e-12
346 4.5192776266175395e-12
347 3.9993913203068316e-12
348 3.5525349207073911e-12
349 2.9279993120104699e-12
350 3.9291602397767758e-12
351 6.7914846377019140e-12
352 2.3248172262384818e-12
353 2.8890216806395154e-12
354 5.9385597565580583e-12
355 2.2214982716561450e-12
356 2.3013777023490123e-12
357 4.1913413967603263e-12
358 1.8855758871638171e-12
359 1.8260071393836282e-12
360 2.9508228358861962e-12
361 3.1677738141733780e-12
362 1.8127588822601459e-12
363 2.7676344697393597e-12
364 3.7238989869209293e-12
365 3.2596821323828654e-12
366 3.2302659411040980e-12
367 1.5355236386955898e-12
368 1.9540347834141586e-12
369 2.1186138293928293e-12
370 2.1091245243292870e-12
371 1.9419593267909522e-12
372 2.0612793808913830e-12
373 1.5852140672520215e-12
374 3.1817483269410634e-12
375 2.9572775645473628e-12
376 1.2653763702595842e-12
377 1.6640273813598834e-12
378 1.8356313962398683e-12
379 2.1324247513680980e-12
380 3.6792351991122107e-12
381 1.4701891096548393e-12
382 2.2916731642596307e-12
383 1.4301965479810451e-12
384 1.9345018344380683e-12
385 1.2901056158639183e-12
386 1.7191679804153757e-12
387 1.1308332305044346e-12
388 2.1274909002630830e-12
389 1.3567113802241338e-12
390 2.1997963898324271e-12
391 1.4034730662209044e-12
392 1.1754481613090659e-12
393 2.6154333727992543e-12
394 1.3110455138974057e-12
395 1.2615644280756173e-12
396 2.7562034959438168e-12
397 1.2967153054207319e-12
398 1.2803136905611516e-12
399 1.3414194795763459e-12
400 1.1771142225596918e-12
401 1.2218781767133821e-12
402 1.5046014986642171e-12
403 1.0179806429906472e-12
404 1.5233971691340456e-12
405 1.2691051133667912e-12
406 2.0196451892804524e-12
407 9.6780116153763417e-13
408 9.2875293573247067e-13
409 7.5430489323803117e-13
410 1.3415383163068831e-12
411 1.6166174466614792e-12
412 8.8035567901277222e-13
413 9.0499739828924004e-13
414 1.3630263704969715e-12
415 1.3594655570382889e-12
416 8.8411958156723632e-13
417 1.2669941505523367e-12
418 1.2284737731848813e-12
419 1.1080357360919978e-12
420 1.2284524461624970e-12
421 9.9289731595553247e-13
422 1.2379784027010901e-12
423 8.5442963660940478e-13
424 1.0721138087970872e-12
425 1.4899027381470922e-12
426 6.7226938510053016e-13
427 1.8988758692034710e-12
428 8.7502118326172942e-13
429 1.9878320534740079e-12
430 6.5265059024389550e-13
431 1.0079055280820880e-12
432 1.4286298095914397e-12
433 9.0567093664234139e-13
434 6.5091678264081411e-13
435 1.5471290436627031e-12
436 9.0698427517398660e-13
437 8.9563288403544624e-13
438 1.0264295277548110e-12
439 8.9713208217499808e-13
440 7.1360009375430217e-13
441 1.4134801828588934e-12
442 7.0771690674111675e-13
443 1.1207219383194399e-12
444 6.3535448007779750e-13
445 1.4391127107518173e-12
446 8.9792383246104196e-13
447 9.3165147828888649e-13
448 5.7967906378437842e-13
449 5.9936104841727369e-13
450 7.8571180084730944e-13
451 9.0456002868141896e-13
452 1.1520721534900666e-12
453 6.8856184311324683e-13
454 1.4255726911687582e-12
455 7.1687674451036095e-13
456 7.8551247348729625e-13
457 7.3750841524588546e-13
458 7.5766070442960835e-13
459 1.5718423086060465e-12
460 8.3230101386042148e-13
461 1.3252657305561492e-12
462 5.6620983418256598e-13
463 9.4155097278883547e-13
464 6.3934082950466310e-13
465 6.0125182977814300e-13
466 9.9918557568855816e-13
467 5.6173760934144004e-13
468 6.6516288342667682e-13
469 1.0315397638716692e-12
470 6.1824563938560932e-13
471 8.5632251654356637e-13
472 1.1565974299930614e-12
473 7.8411195087464888e-13
474 7.1211252456758560e-13
475 7.2045054572591611e-13
476 1.0683192233163429e-12
477 4.9464275571184164e-13
478 6.8963839949246488e-13
479 8.2221217588190240e-13
480 8.8699954753642177e-13
481 4.9077345997599520e-13
482 4.9787320890828052e-13
483 4.8308165082194565e-13
484 6.4614092938705198e-13
485 1.0981571522551549e-12
486 6.2435052852593497e-13
487 4.7299390852116889e-13
488 6.9503875263475334e-13
489 1.1304274999568614e-12
490 9.1955580134447078e-13
491 5.4355730411985464e-13
492 7.3320442410576593e-13
493 9.6854464063284770e-13
494 5.6365256806533022e-13
495 6.0255570953994080e-13
496 9.1741234953239029e-13
497 4.4239617678378972e-13
498 5.9614570407231050e-13
499 5.6108630462508515e-13
500 3.9074450957285690e-13
501 5.3112273980448472e-13
502 4.2603373057555501e-13
503 5.8838683104475992e-13
504 6.5276085774457110e-13
505 6.5707651552615956e-13
506 6.5162995862894791e-13
507 6.4173241836047338e-13
508 5.4726933656541119e-13
509 5.2970040028385077e-13
510 4.9905285139827684e-13
511 5.4271701336235924e-13
512 5.4369087805585891e-13
513 4.0700452538668853e-13
514 9.6016212630522965e-13
515 3.2481077602350378e-13
516 4.6495467642427438e-13
517 6.7149690355459183e-13
518 4.5158708254142632e-13
519 3.6232706637926553e-13
520 6.9194372077337012e-13
521 2.8663530613332431e-13
522 1.0090558552504685e-12
523 6.3901105838440934e-13
524 3.0344116954913113e-13
525 5.6639437564452271e-13
526 4.8058630318610439e-13
527 3.1826801977265745e-13
528 7.5230615160895278e-13
529 4.3144357658454016e-13
530 4.3764505752423885e-13
531 5.7282976262307670e-13
532 4.4232810888565998e-13
533 2.5526819567317039e-13
534 2.7583930652523028e-13
535 2.7680045610499631e-13
536 7.8198173129191576e-13
537 4.8651122831128357e-13
538 2.9701836348917300e-13
539 4.6006265127104831e-13
540 4.2231842186182873e-13
541 4.4793180450651907e-13
542 3.3656021527512522e-13
543 4.3478618075276088e-13
544 5.0875051987418493e-13
545 3.6662353598288909e-13
546 4.2763830585467256e-13
547 4.1347176680454306e-13
548 3.2111427774827580e-13
549 4.2782029611538163e-13
550 2.2733551563136673e-13
551 3.2863013166898784e-13
552 2.4263446847898082e-13
553 6.9306258090967703e-13
554 3.0260346518506298e-13
555 4.4151954141351462e-13
556 5.3086305233402597e-13
557 3.3254082573074716e-13
558 3.2226190975266467e-13
559 3.2616420420990796e-13
560 2.6645422307849337e-13
561 3.0468273558806207e-13
562 4.4538725152199073e-13
563 4.6303998092439356e-13
564 5.6106610298970611e-13
565 2.2626905660611500e-13
566 4.8407681964690125e-13
567 3.5739488233209724e-13
568 3.2318352328424415e-13
569 6.0458188844786074e-13
570 2.2004221749196341e-13
571 4.2084466238074863e-13
572 3.3848870903736356e-13
573 2.5049773948468902e-13
574 4.4583338950680915e-13
575 4.6406026817730566e-13
576 2.2749015717025056e-13
577 2.5865283220201504e-13
578 3.4709049230304439e-13
579 3.7759789128481893e-13
580 2.3598864551028453e-13
581 2.5421125452837739e-13
582 5.7653904657821497e-13
583 2.7464846447922588e-13
584 2.6824704334111302e-13
585 2.7029473659456051e-13
586 3.1340037044208490e-13
587 2.3369772151444503e-13
588 3.0900836932893604e-13
589 3.7984908383411245e-13
590 5.2087155182150459e-13
591 5.3394080307486783e-13
592 2.7390292360573739e-13
593 2.7427965610793705e-13
594 3.5336490241453710e-13
595 5.7733399248327398e-13
596 2.0359576404552120e-13
597 2.4275296693240288e-13
598 3.0673596904221206e-13
599 2.2262567256174684e-13
600 2.9046913209841163e-13
601 4.0001104070353912e-13
602 3.1525170487978488e-13
603 2.2577274447698786e-13
604 3.6552430870918833e-13
605 2.4367438058825457e-13
606 3.5072652334000414e-13
607 2.9038620412195940e-13
608 4.0305429853677030e-13
609 2.7723424801643114e-13
610 2.1806086419033255e-13
611 2.1986992035458678e-13
612 2.0879573149428368e-13
613 2.1837358011735586e-13
614 2.6679480055339010e-13
615 4.0111516195133822e-13
616 1.7270295532327065e-13
617 3.4807692975543197e-13
618 2.7507454488381093e-13
619 3.6782052231563790e-13
620 2.7856854988591583e-13
621 2.7105843729360563e-13
622 1.7512344722451197e-13
623 2.8315812551498900e-13
624 2.9615505800337531e-13
625 1.6560859920068487e-13
626 2.5347852657408467e-13
627 1.7462149079144543e-13
628 2.3227236451711610e-13
629 2.0753609183941727e-13
630 2.9698769555324870e-13
631 2.3270211329306226e-13
632 1.8261231883764610e-13
633 1.4209865275887350e-13
