0 1.6271140801806952e-07
1 4.9348758465989469e-02
2 2.4643881779345227e-02
3 1.8883321264957648e-02
4 1.0594869668952100e-02
5 7.8804854985042826e-03
6 5.4563513876275420e-03
7 3.1334088814789578e-03
8 2.4771375169895847e-03
9 2.0682878702110918e-03
10 1.9117748440180568e-03
11 1.2673257229430968e-03
12 9.0169139479871806e-04
13 7.3060892073030341e-04
14 5.2924347911557565e-04
15 3.3326362065535576e-04
16 2.1692951229605783e-04
17 2.8051488588981121e-04
18 1.6788564366071915e-04
19 9.3220881961742440e-05
20 7.7347386246463283e-05
21 8.0942407250950694e-05
22 8.1414840129697679e-05
23 5.6153374324008783e-05
24 4.9120579710132387e-05
25 4.7249597422549115e-05
26 4.2889816482035298e-05
27 6.3251373205582738e-05
28 4.2206305065602583e-05
29 4.5827559250061828e-05
30 2.9362389282917524e-05
31 4.3780266110482687e-05
32 2.8605943204282562e-05
33 2.4268819173080147e-05
34 3.4928575606410370e-05
35 3.0412042258150805e-05
36 3.3922109455310373e-05
37 2.5907579841070742e-05
38 2.8759498441403484e-05
39 2.7478903032068539e-05
40 1.9425285972168422e-05
41 1.7534520785024156e-05
42 3.0446268747017820e-05
43 1.9746012995975078e-05
44 1.9271165174122513e-05
45 1.3923541844822020e-05
46 1.3965692158482118e-05
47 1.3395084948201349e-05
48 1.2080325020763869e-05
49 1.6114240796313341e-05
50 1.3441369136005309e-05
51 1.6381031915691855e-05
52 1.1971392532317414e-05
53 1.3751924847753049e-05
54 1.4572743537342817e-05
55 1.2352887031577228e-05
56 1.4806746901005264e-05
57 9.4774986437356478e-06
58 9.5442335125898768e-06
59 1.0520354437664424e-05
60 1.0724437180905614e-05
61 6.9761419481298266e-06
62 1.0036559356595383e-05
63 7.9019194583869447e-06
64 7.1946517295671983e-06
65 8.6541980816458518e-06
66 1.2006340485124522e-05
67 6.4274199205790816e-06
68 9.8004964483734478e-06
69 6.3987419090588770e-06
70 5.9521404993970888e-06
71 5.5950142348237645e-06
72 6.3361810206291716e-06
73 4.5914577525636717e-06
74 8.6857337901058474e-06
75 4.1810439312588809e-06
76 5.3475277824027204e-06
77 5.2650734543789569e-06
78 5.7338457451155923e-06
79 7.4001766687283310e-06
80 3.6021481100359608e-06
81 3.4799235272501405e-06
82 6.3668037109321817e-06
83 4.7427084351091060e-06
84 4.0142307797953474e-06
85 3.1584485483134031e-06
86 2.9372492180119928e-06
87 5.3125830224853772e-06
88 2.7601207238689804e-06
89 4.4434571323600185e-06
90 6.7577860371728591e-06
91 2.5878068141460416e-06
92 2.6992222524145673e-06
93 2.8064334359433315e-06
94 2.9963219010839547e-06
95 3.1679248872021147e-06
96 2.7812713832573879e-06
97 3.7502640550008666e-06
98 2.4388153053885329e-06
99 2.8876148866236628e-06
100 1.7213029208100097e-06
101 3.3662474896150563e-06
102 1.9015806707114220e-06
103 3.4259578182492407e-06
104 1.6446369446117381e-06
105 2.0661036296214413e-06
106 2.1354802511722528e-06
107 1.6640795351308434e-06
108 1.2341290659662381e-06
109 1.8275606878099137e-06
110 1.2444969146687034e-06
111 2.0555757782813313e-06
112 1.5926463082411772e-06
113 1.3258002143226787e-06
114 2.1696070573162576e-06
115 1.7153091359947628e-06
116 1.4753967663053874e-06
117 1.3115567561123425e-06
118 1.4198125762013656e-06
119 1.3963737931497753e-06
120 1.2163412709637129e-06
121 1.1765517643830612e-06
122 1.2691482271288538e-06
123 1.5713530005920566e-06
124 1.2719628460902721e-06
125 1.8153047565453275e-06
126 1.7995045579333030e-06
127 1.1235790570965866e-06
128 2.3978823718160727e-06
129 1.2067966779539259e-06
130 1.7192613895399160e-06
131 1.1114460544522661e-06
132 8.3832142025393558e-07
133 1.2360832953557532e-06
134 8.9970845862609840e-07
135 1.1622715690130813e-06
136 9.8287948898603663e-07
137 1.2889488332779294e-06
138 1.1357136334770769e-06
139 1.4210588503330534e-06
140 9.7438419350234611e-07
141 9.5379744704913599e-07
142 9.7160869068345047e-07
143 1.4831282830822785e-06
144 8.0467267953149072e-07
145 8.7314978385024756e-07
146 8.2732404112627373e-07
147 5.8974671756345045e-07
148 1.2580541726807734e-06
149 5.5996138298994205e-07
150 7.7645064928264126e-07
151 1.0277580807563582e-06
152 9.3476634560684958e-07
153 6.9341821655510348e-07
154 5.6377269400409228e-07
155 7.1091244435412232e-07
156 5.3536503839068114e-07
157 8.7487554477777508e-07
158 7.0079554469552656e-07
159 4.9969374807047752e-07
160 6.3939140137107816e-07
161 7.9652341692700000e-07
162 5.2774252659877409e-07
163 1.3675050596635987e-06
164 4.0259136447630709e-07
165 9.5230786112181848e-07
166 4.7357142022276129e-07
167 6.7876492504742092e-07
168 5.7346310845021612e-07
169 5.4044414597352704e-07
170 6.9623418364201806e-07
171 4.8115896632838764e-07
172 8.8034081323081615e-07
173 3.9295300906302083e-07
174 4.8867645092347428e-07
175 7.8752143530944021e-07
176 5.0194029803726487e-07
177 3.8280612766065166e-07
178 4.2683481737843322e-07
179 3.5753304183193746e-07
180 3.3350940628299544e-07
181 4.5428806253025897e-07
182 3.1887299106560375e-07
183 4.9418670550685215e-07
184 3.3434343275150989e-07
185 3.5584861401415360e-07
186 6.5886153417412897e-07
187 3.9823130714621167e-07
188 5.2882597928763442e-07
189 3.2895675174318207e-07
190 2.9634831339636314e-07
191 5.4054777598471903e-07
192 3.6318932004163043e-07
193 4.8695736019901512e-07
194 4.5097688779393014e-07
195 4.3233583946315726e-07
196 3.7699666011801012e-07
197 3.6814659650366523e-07
198 4.1155022853408650e-07
199 3.5918029723416282e-07
200 3.1346779245959732e-07
201 3.0898636396313682e-07
202 3.4096301712580016e-07
203 3.9928951486001919e-07
204 2.4317617743440322e-07
205 2.2551399355751025e-07
206 4.1884315546790086e-07
207 2.5071256418066724e-07
208 2.3256796090677440e-07
209 2.7564689651694672e-07
210 2.2885578844554398e-07
211 2.8275281737168353e-07
212 2.4106595018364860e-07
213 2.4723332534192906e-07
214 2.7392005773511253e-07
215 2.8893465605694622e-07
216 3.3434327911369532e-07
217 2.8128194295343992e-07
218 2.5421842604369808e-07
219 3.0099354345206814e-07
220 2.2419646914331817e-07
221 2.8731048559444514e-07
222 3.2834731979485944e-07
223 3.0519910028671147e-07
224 3.5165981015749880e-07
225 2.4346240330358774e-07
226 2.3740213619360948e-07
227 2.5219764483761471e-07
228 2.1661474205896276e-07
229 4.3546918450679058e-07
230 1.7558878101253429e-07
231 2.4847851268786668e-07
232 4.3000241668593637e-07
233 1.8265085656820918e-07
234 2.3310841573469702e-07
235 3.4606426492922640e-07
236 2.0453928812570457e-07
237 3.1036079710899717e-07
238 1.9134624795099398e-07
239 3.5691599028919447e-07
240 2.0598074428768380e-07
241 2.2290427330156388e-07
242 2.9818898124685638e-07
243 2.1868703146603529e-07
244 2.6965882799844647e-07
245 2.5930262291940469e-07
246 1.8066255410277769e-07
247 3.3090507156733256e-07
248 2.9197048289638155e-07
249 2.8287504455646478e-07
250 2.4028954967673321e-07
251 1.7260835080693410e-07
252 2.3649968126013699e-07
253 2.1308347875434720e-07
254 1.4625849864903968e-07
255 2.1007681945281713e-07
256 1.5080963171078531e-07
257 2.3494829253295720e-07
258 1.4517577583605183e-07
259 3.2943695623131722e-07
260 1.8478489654948318e-07
261 2.8149648525960097e-07
262 1.6483654826978323e-07
263 3.3796415941230561e-07
264 1.5868241460047059e-07
265 2.5876035277447015e-07
266 1.6053427260027616e-07
267 2.3375299879767973e-07
268 1.5515371979730438e-07
269 1.5537942919762941e-07
270 2.4842942984850001e-07
271 1.2976469673086082e-07
272 2.9328571499679707e-07
273 1.8352495209027546e-07
274 2.2046562932463328e-07
275 1.7956033034497085e-07
276 1.3144364348861966e-07
277 1.7451541646739243e-07
278 1.7887062268807725e-07
279 1.4806739803407271e-07
280 1.1956132821123807e-07
281 1.7699770615303755e-07
282 9.5684194867410721e-08
283 3.2291519824191275e-07
284 1.0299788527783128e-07
285 1.9132437659548395e-07
286 1.1824538098995978e-07
287 1.2376964253236381e-07
288 2.0042677532731444e-07
289 1.1332429046182874e-07
290 1.5847296249664534e-07
291 1.0762402367865135e-07
292 1.4991857235974462e-07
293 1.2420415991174845e-07
294 1.2638134237467623e-07
295 1.3426557338262583e-07
296 1.9459588054824244e-07
297 1.6357128748472878e-07
298 1.4476120416388129e-07
299 1.0176966225003543e-07
300 1.3513006261916391e-07
301 1.3776691652117707e-07
302 8.2593501743707151e-08
303 1.2168134494874450e-07
304 8.2716272697581983e-08
305 1.2493270653351476e-07
306 8.2136922317803372e-08
307 1.3416004750933840e-07
308 9.9953563313879665e-08
309 1.4096342847062030e-07
310 9.1150859061664036e-08
311 7.0818317575828712e-08
312 1.5758228180532769e-07
313 7.8578946787682561e-08
314 6.7633607045326373e-08
315 9.7345589704270145e-08
316 1.1425631521349965e-07
317 5.6392697604698171e-08
318 1.0601967892866856e-07
319 9.9820201754414028e-08
320 1.1467147866260978e-07
321 7.5417338913041207e-08
322 8.7259766532528661e-08
323 1.1300466095476350e-07
324 1.0583559828626571e-07
325 6.2914363535854691e-08
326 8.7700802841639804e-08
327 1.0892718914817743e-07
328 5.4850248891115948e-08
329 7.9770543636259138e-08
330 1.2297019686480684e-07
331 6.3167500115898843e-08
332 1.4859500165059030e-07
333 7.4889721587269156e-08
334 6.4885236581437161e-08
335 8.4468728490131955e-08
336 8.7632456129103174e-08
337 7.4994823546170984e-08
338 8.5075760478329276e-08
339 6.8168285639876436e-08
340 1.0677208025041646e-07
341 5.7542913415825259e-08
342 6.1300331321826935e-08
343 5.8094563074323609e-08
344 9.1629481491372777e-08
345 5.8544219306905803e-08
346 6.2294482382324285e-08
347 6.6061586580802266e-08
348 5.5479906054741590e-08
349 6.7772555522808820e-08
350 4.7895064875245167e-08
351 8.7122091439968980e-08
352 6.5275056695004481e-08
353 4.6104509284103831e-08
354 5.1636142068968333e-08
355 1.0461040907973356e-07
356 3.3390278199858766e-08
357 9.3993598124255642e-08
358 5.2697926732744171e-08
359 6.7243524888763399e-08
360 4.2581171040577008e-08
361 4.9143512866064517e-08
362 7.8830589896645524e-08
363 5.1582045784815865e-08
364 3.5502549616164769e-08
365 3.6467289084949756e-08
366 6.3377361568643577e-08
367 3.3210666595135293e-08
368 5.8288270775996594e-08
369 5.4645236350026062e-08
370 3.8124514136766621e-08
371 3.6751860398923162e-08
372 6.6080252846222093e-08
373 3.1584172063863758e-08
374 4.3345879350321089e-08
375 5.3261080505605158e-08
376 4.4265489582610669e-08
377 3.4453931303597731e-08
378 3.9531483269288963e-08
379 4.0953433270322510e-08
380 3.8289745408658889e-08
381 4.5001902070172560e-08
382 6.0092520992989681e-08
383 2.9811077364015297e-08
384 5.5324985754745947e-08
385 4.1394199409154210e-08
386 3.0116991530069372e-08
387 2.8045919252720928e-08
388 2.6794609229938221e-08
389 2.4436352532025005e-08
390 3.2684258998372860e-08
391 2.5717710966654625e-08
392 4.3460011632928549e-08
393 2.9652958771385746e-08
394 2.9037001315628892e-08
395 2.2428778630949539e-08
396 3.2762844960379293e-08
397 2.5686053837920163e-08
398 3.1288320389179357e-08
399 3.2846772791008351e-08
400 1.8977245664281960e-08
401 4.1313572565584517e-08
402 2.3652094898936650e-08
403 2.2537571774179371e-08
404 2.1705964741218337e-08
405 3.7399397076405979e-08
406 3.0301977730391082e-08
407 2.1922844977773532e-08
408 2.7537207760428573e-08
409 1.7784733842342083e-08
410 1.6421030050738893e-08
411 1.8557416880591885e-08
412 3.5917696628042670e-08
413 2.0873294147525305e-08
414 1.8205795039154044e-08
415 1.8055532740445854e-08
416 1.6495084718092861e-08
417 2.4860556195520656e-08
418 1.6919286800968426e-08
419 1.5755246406104180e-08
420 2.6525235008103071e-08
421 1.4956819141086183e-08
422 2.0437636237272226e-08
423 2.8286474543605488e-08
424 1.5715207975667985e-08
425 2.2934461992650739e-08
426 1.7841825888748081e-08
427 2.7840183651818394e-08
428 1.5419815215640333e-08
429 2.3088552790876442e-08
430 2.9360809937751562e-08
431 1.2695855781486691e-08
432 2.5336125207202443e-08
433 1.5741447328709259e-08
434 1.4048850805047034e-08
435 1.8695573462430044e-08
436 1.4009648309605423e-08
437 1.3681925440889467e-08
438 1.2474211058310894e-08
439 1.6516870842793693e-08
440 2.6512980948105118e-08
441 1.5978162938925313e-08
442 2.1922121211363207e-08
443 1.1982883701579766e-08
444 2.2134439601085194e-08
445 1.8113015865208795e-08
446 1.2647023025989351e-08
447 1.8589257336745371e-08
448 1.3413814926626329e-08
449 1.2423717343736396e-08
450 1.4213250988339821e-08
451 1.5721781590976710e-08
452 1.6871969170254427e-08
453 1.6308658783291419e-08
454 2.3638929281957741e-08
455 1.2164137982773792e-08
456 1.2937704513696470e-08
457 1.2659021288321166e-08
458 1.4758610148915296e-08
459 1.7187989542738437e-08
460 1.1295072981133755e-08
461 8.9487488092334340e-09
462 1.2218848571561403e-08
463 1.0860821240664850e-08
464 9.7219465297955540e-09
465 2.4037522263148192e-08
466 1.3176874698765755e-08
467 1.8550385178066381e-08
468 9.6853532511413534e-09
469 1.0270258277331770e-08
470 2.2583354981005725e-08
471 9.4376350942415567e-09
472 1.5424798041719208e-08
473 1.4401444077386767e-08
474 9.0618345229718980e-09
475 1.3912638098744116e-08
476 1.0904771576559333e-08
477 1.1766030526412430e-08
478 1.7127843117873706e-08
479 1.2518972383429874e-08
480 1.4166377516057669e-08
481 9.2798128145870366e-09
482 1.4291401538659753e-08
483 8.6072242236692712e-09
484 1.0322893595089796e-08
485 7.4190172916796027e-09
486 1.7883966403628202e-08
487 8.9982850054279960e-09
488 1.1715059536546463e-08
489 8.6939466212590805e-09
490 1.3441512142530555e-08
491 1.6328222253314448e-08
492 8.4971225809455812e-09
493 7.0383849023586246e-09
494 1.2897005436839392e-08
495 1.0181076606772229e-08
496 7.6649914407814055e-09
497 1.0783210349840415e-08
498 9.0382859743644748e-09
499 6.5971968414863306e-09
500 6.2861219889354336e-09
501 1.7116662117403533e-08
502 9.5035754816501783e-09
503 1.3278308910813567e-08
504 8.8792436071176455e-09
505 8.2915565936660812e-09
506 7.6791454842413959e-09
507 1.0896631696191493e-08
508 6.8792670872371771e-09
509 5.5898879994687521e-09
510 1.0860732628866666e-08
511 9.0149859118561622e-09
512 6.3740903228632601e-09
513 9.7340861699502413e-09
514 6.3217377250858620e-09
515 8.9372799617483287e-09
516 8.2622536973651018e-09
517 6.3275352277560028e-09
518 8.7465868553759100e-09
519 1.0161719163718537e-08
520 4.7850541693677204e-09
521 5.8602981639864172e-09
522 7.9680771453607372e-09
523 7.5606990549657735e-09
524 5.7427639658903320e-09
525 6.4519318477784347e-09
526 1.0390783231347098e-08
527 5.3026903381298070e-09
528 8.6369531773246780e-09
529 9.2094366431005801e-09
530 5.2110414265873727e-09
531 9.8342883056517560e-09
532 6.0499760458525605e-09
533 7.6288306488263761e-09
534 1.1229937000998799e-08
535 6.2015586256730473e-09
536 4.8052303432310326e-09
537 7.8251585610721507e-09
538 8.1261696872271640e-09
539 5.1977773244427352e-09
540 7.6972623916289292e-09
541 7.9679800420236397e-09
542 4.4564427766581568e-09
543 5.8534696613748480e-09
544 8.5172071522951600e-09
545 5.8870708976803071e-09
546 6.5391365013503165e-09
547 5.8193242377623226e-09
548 9.9874003585544254e-09
549 3.9627468595512097e-09
550 6.2977939318426552e-09
551 1.1551753192393044e-08
552 3.9590482368859230e-09
553 5.1846364998452185e-09
554 7.4162420180731207e-09
555 4.9802707205353543e-09
556 6.7757760695602758e-09
557 5.5623154919247677e-09
558 4.5790158257232467e-09
559 6.3681457470092719e-09
560 5.3066448749142326e-09
561 5.2040834264821070e-09
562 5.6023811535572904e-09
563 1.1990393041727878e-08
564 4.1475817114077041e-09
565 5.0016709988132440e-09
566 4.2717912362723725e-09
567 4.9478681669367845e-09
568 7.4001292552569362e-09
569 4.6298129701416550e-09
570 3.9655479029908109e-09
571 6.5482328230152400e-09
572 4.7749757749667398e-09
573 5.2098490954686871e-09
574 1.1472160557362327e-08
575 5.1234548593309497e-09
576 4.6854239511032395e-09
577 5.2846907682367200e-09
578 8.5327913395680993e-09
579 4.5964373183528331e-09
580 4.5198852369387941e-09
581 4.3637983003050804e-09
582 7.8038308476691140e-09
583 4.0244742818958677e-09
584 4.4690221928943496e-09
585 4.5188216719923899e-09
586 6.9415069369669532e-09
587 7.0181894001823871e-09
588 4.8367476614228385e-09
589 3.5753617222617771e-09
590 4.8923780291464680e-09
591 7.9705987480871624e-09
592 3.3219471928045685e-09
593 9.4596531127078652e-09
594 3.0663909230914777e-09
595 3.8912605458492700e-09
596 3.0465166104076337e-09
597 6.4480375891348251e-09
598 4.6131928619465104e-09
599 6.3021521723410578e-09
600 4.8752177536976625e-09
601 3.1284064488757483e-09
602 3.7498195534660514e-09
603 3.3128467598182472e-09
604 3.4169016886174974e-09
605 7.6361012420231447e-09
606 5.3728692331798158e-09
607 3.4067281206962778e-09
608 4.7824676588862801e-09
609 5.8233381408546809e-09
610 3.8708478642913201e-09
611 4.8225628532933427e-09
612 5.5962077761106419e-09
613 3.4168931519374468e-09
614 4.9771401504465258e-09
615 4.6725866443213104e-09
616 4.0138065916003448e-09
617 2.8679865864803896e-09
618 3.5397281973939923e-09
619 4.1447706079187693e-09
620 5.0186801939342787e-09
621 3.2714759206495150e-09
622 3.9543105194057845e-09
623 4.2309687464290339e-09
624 6.1776960790312526e-09
625 3.5335740427744362e-09
626 2.7617269037265818e-09
627 4.0916926636047140e-09
628 4.8054527882694765e-09
629 2.8667718137913691e-09
630 5.6165908995835429e-09
631 2.9217588036290540e-09
632 4.6638734616849715e-09
633 4.1922877297536381e-09
634 3.8452348891864782e-09
635 4.6384816908076639e-09
636 4.2508312604753428e-09
637 4.7509351786407174e-09
638 4.8043282023338553e-09
639 5.5322920679273191e-09
640 5.0752261361051757e-09
641 2.7229944510069936e-09
642 4.2132720364827059e-09
643 3.5519474851148778e-09
644 4.8391225632238194e-09
645 3.0905906797774896e-09
646 3.0422330588296057e-09
647 6.7044890075852838e-09
648 3.1624125460284309e-09
649 2.7756155696413079e-09
650 3.4144843320342158e-09
651 5.5164449947456230e-09
652 2.8365270548844873e-09
653 4.0128443753345537e-09
654 4.1084576916459438e-09
655 2.8905237205686793e-09
656 3.2942377165313341e-09
657 3.9445370343046329e-09
658 2.8852845582936429e-09
659 5.0706554020071154e-09
660 4.1654276000511845e-09
661 3.2267630000412323e-09
662 5.5073600955351271e-09
663 3.1325229436297547e-09
664 2.6820275075197022e-09
665 3.6082009351158815e-09
666 4.2058402407334125e-09
667 5.4937063030867296e-09
668 2.2148721874125429e-09
669 4.3639577190463638e-09
670 3.9870945617781742e-09
671 2.1592781209196978e-09
672 5.5408096523947784e-09
673 2.6189283529718615e-09
674 2.0586442509477082e-09
675 3.6472655733691015e-09
676 4.5709693010672642e-09
677 2.7803940383517896e-09
678 2.5687230551111489e-09
679 2.3183649143490832e-09
680 4.9131069968655704e-09
681 4.2011275845852469e-09
682 2.5881775045993613e-09
683 2.9050530916711682e-09
684 6.4922988868358958e-09
685 2.4603089265904862e-09
686 3.8647027179755989e-09
687 2.1333335125296079e-09
688 3.4415488929732567e-09
689 2.8191640876896058e-09
690 2.8689719853280428e-09
691 2.6473788378665798e-09
692 2.5137941843764458e-09
693 1.8881310081575060e-09
694 2.5350013278877649e-09
695 4.2616091942046294e-09
696 3.0214216406184242e-09
697 2.9507454761874010e-09
698 1.9813078006035430e-09
699 1.8895732509421872e-09
700 4.3057178391983671e-09
701 2.6974588454326002e-09
702 1.4080374338426826e-09
703 1.9678254459174207e-09
704 3.3104610166374374e-09
705 1.7024847187452481e-09
706 2.4109076501399684e-09
707 3.4992789784070296e-09
708 3.9705767566102248e-09
709 1.6609859067321918e-09
710 2.5224753425369229e-09
711 1.8487279916620675e-09
712 2.8712267458746915e-09
713 3.2334498848790427e-09
714 1.7953763358603201e-09
715 2.2411173694712520e-09
716 2.0203808120501722e-09
717 1.6526392386276986e-09
718 1.5778113911215255e-09
719 2.5253327211574462e-09
720 2.3274613346552501e-09
721 1.3741208272003268e-09
722 1.8893996232988592e-09
723 2.4069252531433482e-09
724 1.5159718884715638e-09
725 1.5448287612883150e-09
726 2.7416319219033898e-09
727 2.0980759283652195e-09
728 1.6362944963459542e-09
729 1.5979386572674856e-09
730 1.4550591014198560e-09
731 1.9766596498828848e-09
732 1.8828560597443760e-09
733 3.6519443388220857e-09
734 1.2374968395976845e-09
735 1.4411633313682617e-09
736 1.6817998819767224e-09
737 1.3639742033492128e-09
738 1.8004643796653261e-09
739 1.0967167421271279e-09
740 1.5004267157096398e-09
741 1.6494595438436871e-09
742 2.3728519128722335e-09
743 1.0911590622273614e-09
744 1.7478527454434038e-09
745 2.4257445706762183e-09
746 1.2830307891282268e-09
747 1.0882007077098993e-09
748 2.0206994323704254e-09
749 1.0802931837568309e-09
750 8.4364987156540872e-10
751 1.6636290462832745e-09
752 1.2707544564501631e-09
753 1.1063494276667443e-09
754 1.4558488550252934e-09
755 8.5155255020917930e-10
756 1.4004858319542814e-09
757 1.4595331308079688e-09
758 1.1050063401378959e-09
759 1.3964025401279564e-09
760 6.7144854468130326e-10
761 7.2977564405239903e-10
762 1.1123010125098892e-09
763 8.8781321757575389e-10
764 1.1856819738300060e-09
765 6.5994771765060570e-10
766 9.5288673306655697e-10
767 1.1530130338687554e-09
768 1.3595736230617667e-09
769 1.6012936270197075e-09
770 7.0100575708802416e-10
771 7.5265380530361941e-10
772 1.9589645881582931e-09
773 8.3530708008920440e-10
774 9.4047029368607833e-10
775 1.0098832673350008e-09
776 6.2813704278159924e-10
777 1.0338198061195074e-09
778 1.3646761826586965e-09
779 6.9404205214960020e-10
780 5.9549564278906565e-10
781 1.2512198286853985e-09
782 7.2263112967891380e-10
783 7.3114611116435757e-10
784 4.7660256931216299e-10
785 1.0380602344149413e-09
786 8.1541821641087366e-10
787 7.8815148854938725e-10
788 6.5726657222459283e-10
789 5.0387945298205616e-10
790 8.6248592534984004e-10
791 7.2208356616838270e-10
792 8.0638519528371938e-10
793 1.0784515286328081e-09
794 5.1995392347089890e-10
795 5.1522175260501493e-10
796 8.4496988079348708e-10
797 5.4893250193447111e-10
798 7.1684558569966776e-10
799 4.3924474836612534e-10
800 6.4660138020066840e-10
801 5.8730436153344615e-10
802 5.7684668613199599e-10
803 1.0029767504483505e-09
804 4.0645184185529472e-10
805 8.2345833392448766e-10
806 5.3555521117660985e-10
807 4.6263407772988988e-10
808 3.8063121950007914e-10
809 4.5439895889226663e-10
810 3.8862484944400631e-10
811 5.7882829303383440e-10
812 6.3950798533212513e-10
813 4.6408770976679967e-10
814 7.6504508259892379e-10
815 5.2011185943789168e-10
816 7.0395583644142919e-10
817 5.9023560553080551e-10
818 3.7418441655601050e-10
819 7.3824286688371635e-10
820 6.7242799584324889e-10
821 3.7242582007740546e-10
822 3.4263365877250063e-10
823 4.2267892742402394e-10
824 7.4703864821200756e-10
825 3.6815937983600180e-10
826 3.4491985624199965e-10
827 4.3160933009422020e-10
828 3.5869993954671283e-10
829 6.3850171994947470e-10
830 4.6680555217568425e-10
831 2.5354767599719492e-10
832 6.7609813999725785e-10
833 4.1184140151372478e-10
834 2.7431280920802152e-10
835 3.5598323852068478e-10
836 4.6918421582389886e-10
837 3.2037039189305069e-10
838 4.4999821418395650e-10
839 3.4278432075169112e-10
840 4.0912206720368373e-10
841 3.8956487168690264e-10
842 3.6573314315520183e-10
843 3.1652057366864503e-10
844 3.7796680686028843e-10
845 3.3885194525258839e-10
846 3.3740873862131413e-10
847 2.6948807395157507e-10
848 4.5072807528273086e-10
849 2.6677196320603893e-10
850 2.9010984478895239e-10
851 2.1485823163983872e-10
852 2.8781224050935297e-10
853 5.3073961607546064e-10
854 3.1997408029196054e-10
855 2.9224567235524536e-10
856 2.1104298462784724e-10
857 2.5866433701839472e-10
858 2.9036086672093385e-10
859 2.7348803096843273e-10
860 1.7878199517669565e-10
861 3.1460844525910478e-10
862 2.6538824316260158e-10
863 3.2306028239925647e-10
864 2.3624295824494526e-10
865 2.9770704205625943e-10
866 2.9336233568121918e-10
867 1.7088412659595522e-10
868 2.9567504058208833e-10
869 2.3002548178001545e-10
870 2.0709893087888824e-10
871 3.5756321349471358e-10
872 1.5203472118203337e-10
873 2.4598915788535089e-10
874 1.6953260413569835e-10
875 2.1489326271143354e-10
876 3.0314500319849881e-10
877 1.9976791851465986e-10
878 2.2737591720552182e-10
879 2.2288234324485153e-10
880 2.2608865463140661e-10
881 2.0170040121960503e-10
882 2.0876603261258595e-10
883 1.5398133645863537e-10
884 1.4786682166976716e-10
885 3.1251182733433052e-10
886 1.8243725700547268e-10
887 1.1488451794727784e-10
888 1.9374312838879843e-10
889 1.7854768591691823e-10
890 1.7793256877065392e-10
891 2.1458367514266728e-10
892 1.4360017005372156e-10
893 2.6218400292011284e-10
894 1.5145416952926337e-10
895 1.5754264856353515e-10
896 1.6292465848902505e-10
897 1.2492336038464324e-10
898 1.8886244877547665e-10
899 9.4631154235441304e-11
900 1.3746322431386702e-10
901 2.1003278503083548e-10
902 1.2699050171628538e-10
903 1.3735543392233246e-10
904 1.0363788320775830e-10
905 9.3809011318154474e-11
906 2.1513285463681429e-10
907 1.0778613657868964e-10
908 1.5107095028594842e-10
909 1.7296709154749984e-10
910 1.0219871803441710e-10
911 1.1135749522171829e-10
912 9.3671686609863569e-11
913 2.1408339165722976e-10
914 1.1185446215577145e-10
915 1.9969393279204224e-10
916 7.1342357816335648e-11
917 1.1001798298440795e-10
918 1.4990403444857530e-10
919 8.5276932443065545e-11
920 1.0876495422283354e-10
921 1.0864247426651902e-10
922 1.2431142320825325e-10
923 1.2971933914762887e-10
924 7.5033356935308393e-11
925 1.5479889185623935e-10
926 1.2470496825561240e-10
927 1.0771580727400375e-10
928 7.7957834269823561e-11
929 9.2095643554065074e-11
930 7.7009902825410649e-11
931 1.0934270002541151e-10
932 7.9173464603482869e-11
933 9.9956332592064539e-11
934 7.1034047701040212e-11
935 9.5261558859488268e-11
936 1.0672225759099474e-10
937 8.7357663460310938e-11
938 9.9708640379849416e-11
939 8.8495257090831682e-11
940 1.3921653700899411e-10
941 7.4558794551723614e-11
942 6.6835219460659440e-11
943 5.6881069211910663e-11
944 5.9478599554550306e-11
945 1.0500876437778692e-10
946 8.3165166514031342e-11
947 7.3909056126675968e-11
948 5.6678224973977248e-11
949 8.4167798890328382e-11
950 9.6120006280762823e-11
951 8.5319774774275441e-11
952 6.9231487159299284e-11
953 1.0637808714319828e-10
954 4.8071037259453380e-11
955 6.0089254335588188e-11
956 7.0287534795104379e-11
957 5.5344116888885098e-11
958 4.8402176379070067e-11
959 4.8796155909320752e-11
960 1.0592584093573255e-10
961 4.2230611265560277e-11
962 8.5915083603837799e-11
963 7.4934130294974829e-11
964 4.1726864291462524e-11
965 5.7508136538239710e-11
966 7.9630244569195283e-11
967 3.3944771083073654e-11
968 8.1362787341586241e-11
969 6.4164268308922694e-11
970 5.2470859617831933e-11
971 5.0329841286782156e-11
972 4.2825673596284013e-11
973 5.9084020349558848e-11
974 8.8472809902535802e-11
975 4.6752689339862821e-11
976 5.9048640720101497e-11
977 4.1072708783257263e-11
978 7.5374777176626679e-11
979 4.7638612400260391e-11
980 3.6883124760221092e-11
981 5.3605574768236666e-11
982 8.9005385828436832e-11
983 3.8609134354087483e-11
984 3.7511027440854328e-11
985 5.2383652125214755e-11
986 4.1451841110108150e-11
987 7.7041154444664917e-11
988 2.8676607507068867e-11
989 4.1700130454145007e-11
990 4.0838618413568026e-11
991 4.1224919920416641e-11
992 4.6230628793795150e-11
993 2.5278182090688770e-11
994 3.1986921500348858e-11
995 4.7544040678654153e-11
996 2.9618358305621845e-11
997 4.9132585509834026e-11
998 3.9115154892574233e-11
999 3.6990077559751665e-11
1000 2.5964785254698038e-11
