0 1.6271140095271749e-01
1 6.8655184019035119e-07
2 9.4690992334900371e-08
3 3.6842015008180156e-08
4 1.7690049423290419e-08
5 8.7250524659455637e-09
6 5.0898633379188120e-09
7 3.2179974762068709e-09
8 2.7577160969471322e-09
9 2.4627228161433036e-09
10 1.7187706098673894e-09
11 9.6250361833893771e-10
12 9.2238684287396298e-10
13 9.5203415729283927e-10
14 6.8883326058626709e-10
15 4.5652580832598431e-10
16 3.8491860734988259e-10
17 2.8250317318178912e-10
18 2.3952085614774769e-10
19 2.1922266492794828e-10
20 1.6563255065774330e-10
21 2.5818137008671824e-10
22 1.7831042584650615e-10
23 1.1536896226002282e-10
24 1.1060815176643934e-10
25 9.5256787940517620e-11
26 1.0396176339303469e-10
27 1.6763070450620211e-10
28 8.2870293452006127e-11
29 6.7699409033906751e-11
30 5.6456874169958354e-11
31 4.8804674276654335e-11
32 4.4041999178065530e-11
33 5.4871985169201393e-11
34 5.0017446630161375e-11
35 3.5320598244793488e-11
36 6.1685655355786448e-11
37 3.9173908968896962e-11
38 5.1488069765445239e-11
39 5.3974002878654885e-11
40 3.3287323472773801e-11
41 2.4927149220181976e-11
42 3.1538597032897793e-11
43 2.3723447846628572e-11
44 2.1210268060877381e-11
45 1.8799665387424186e-11
46 1.8951049433451072e-11
47 1.5780453063845133e-11
