0 1.6271140095320063e-03
1 6.8193289786663960e-05
2 9.6113836582653405e-06
3 3.9316744743828923e-06
4 1.8525656138631401e-06
5 8.7785442168401768e-07
6 4.7247713578819633e-07
7 2.7093911493788939e-07
8 2.2768192569973024e-07
9 2.5165025854395121e-07
10 1.9349270732130664e-07
11 9.7127358155495498e-08
12 7.7459417350308590e-08
13 7.8966267684237155e-08
14 5.7334191778928263e-08
15 3.1507540269247699e-08
16 2.3892978360860554e-08
17 2.0054742236059004e-08
18 1.6949996871435809e-08
19 1.8498625542730897e-08
20 1.5928803535873915e-08
21 2.2866985933938234e-08
22 2.3604616049483101e-08
23 1.3457770205707396e-08
24 1.1645904277178724e-08
25 8.8509156789452861e-09
26 1.1359058594208850e-08
27 9.2977246334208494e-09
28 6.8842440748648034e-09
29 6.1838470815155476e-09
30 6.0922432577152251e-09
31 4.7815867721785378e-09
32 4.6342064538478324e-09
33 6.2202520074047320e-09
34 3.7198827619928833e-09
35 3.4150859048389565e-09
36 4.6404515245742130e-09
37 3.3754596111947875e-09
38 4.0209994704533665e-09
39 4.6726911114353086e-09
40 3.2967165113673781e-09
41 3.3065416275993739e-09
42 3.2217597115574988e-09
43 2.0952912967645328e-09
44 2.3813449681922054e-09
45 2.5989380374861920e-09
46 2.0573741408859184e-09
47 2.0756953692712539e-09
48 1.9134377403059078e-09
49 3.5164563501592746e-09
50 1.9002796862726704e-09
51 2.0300640883937986e-09
52 1.8680936739058913e-09
53 1.5091063534118543e-09
54 1.4585918484534316e-09
55 1.4208530756550119e-09
56 2.7896435740254144e-09
57 1.5609144606768614e-09
58 1.2437914462343163e-09
59 1.0853339725385546e-09
60 9.6103166290193456e-10
61 1.7667865444359419e-09
62 9.0383912825863075e-10
63 1.3488204092628359e-09
64 8.8997291436671480e-10
65 1.3237921276276901e-09
66 8.4469884529353932e-10
67 1.1701216521589612e-09
68 7.6282639028442397e-10
69 1.3731836490280952e-09
70 5.9164358451971245e-10
71 7.7642002574561233e-10
72 8.0880281152657634e-10
73 7.2741565589277349e-10
74 1.0324046856537985e-09
75 5.8511329446394132e-10
76 6.7088185652843844e-10
77 6.7017538094226465e-10
78 7.5565758839199901e-10
79 5.3270301368916763e-10
80 5.0491314833548714e-10
81 4.6616533467212479e-10
82 4.1063956475801226e-10
83 5.3340256165819952e-10
84 3.9756244769000738e-10
85 3.2501196239703747e-10
86 3.8368691337953721e-10
87 4.4836948472017644e-10
88 7.6272830281630047e-10
89 2.7162681552798571e-10
90 4.4516825870603426e-10
91 4.0865781092419766e-10
92 4.0507597946276779e-10
93 4.1242270726061747e-10
94 3.0612626336157985e-10
95 3.1761411443045800e-10
96 2.5057972824785756e-10
97 3.3885902473807006e-10
98 2.3971147392724838e-10
99 2.3506584705051818e-10
100 1.8684105399553501e-10
101 2.1779695784256964e-10
102 2.2656893469975607e-10
103 1.7259859216027407e-10
104 2.9574612217711215e-10
105 3.8448329641603787e-10
106 1.6271462353183031e-10
107 2.7347221719924317e-10
108 1.4995581662321569e-10
109 1.7376118025743803e-10
110 1.7464653989559614e-10
111 1.3955171455267589e-10
112 3.4955488167194323e-10
113 1.4860132943952719e-10
114 1.7407900716622839e-10
115 1.8358264446643753e-10
116 1.7179497462784234e-10
117 1.9887633131405884e-10
118 1.9260200459952668e-10
119 1.3728951000199804e-10
120 1.9633412306553844e-10
121 1.5137313794933271e-10
122 2.3826493779922414e-10
123 2.0189351010273879e-10
124 1.9506664237257501e-10
125 1.5068478958805413e-10
126 1.5056096181928781e-10
127 1.2708329958904644e-10
128 1.1651535173947653e-10
129 9.0196466444607574e-11
130 1.2289067231260461e-10
131 9.1089960329929603e-11
132 1.2074989177346182e-10
133 8.0648347679077604e-11
134 9.6537145531610817e-11
135 1.6548050153954854e-10
136 7.2115899169169069e-11
137 7.4659575448230935e-11
138 1.1851618614295059e-10
139 1.2222296807707920e-10
140 9.9037683499816364e-11
141 6.9061150081326055e-11
142 7.5384172913603648e-11
143 8.7726998443836556e-11
144 1.0781812132832183e-10
145 5.7754304473360527e-11
146 1.6086685100630033e-10
147 6.1787500466027410e-11
148 8.1337028289862495e-11
149 1.0352743873610996e-10
150 6.9229485544823593e-11
151 1.3756739999222421e-10
152 5.3745177613890731e-11
153 9.7124967840119399e-11
154 5.4576489436913190e-11
155 1.7389116384514766e-10
156 5.9266328118414684e-11
157 6.9377598519645711e-11
158 6.6397727671444887e-11
159 6.0662932209681406e-11
160 4.6655002281377648e-11
161 5.2081566152395124e-11
162 4.3552865361028872e-11
163 4.3922575458592165e-11
164 7.0592191594876389e-11
165 4.0040777164104880e-11
166 5.6464502463663503e-11
167 6.6219558126156128e-11
168 7.9944622680751230e-11
169 5.7310670863107399e-11
170 1.2753783113243381e-10
171 4.1718888220099549e-11
172 9.2843461345635494e-11
173 6.7104632355043656e-11
174 4.8236000086588909e-11
175 4.6636138047607424e-11
176 7.8250762842967227e-11
177 4.2593124519675514e-11
178 8.2422004510805126e-11
179 6.0375382371163449e-11
180 5.6291594422526380e-11
181 4.7569660848405693e-11
182 4.2350950613312361e-11
183 3.8851344938619103e-11
184 5.1097621515606601e-11
185 3.3636273751256574e-11
186 3.4391462509428047e-11
187 6.7257594379773589e-11
188 5.1253447705796701e-11
189 4.5420207971601139e-11
190 3.0411410389288465e-11
191 3.6201500739279459e-11
192 3.2284518578648234e-11
193 3.8782157341739568e-11
194 3.7469832020593761e-11
195 4.6551304382805604e-11
196 4.0424712098088435e-11
197 4.1278110099868927e-11
198 4.9834954895643897e-11
199 2.8745832937799850e-11
200 2.5533412839732364e-11
201 4.8669406336037908e-11
202 4.8046423463024670e-11
203 3.3498908741772208e-11
204 3.4763793599330795e-11
205 5.5035314661940500e-11
206 3.8303751710688786e-11
207 6.8175175989210164e-11
208 2.5541704899395187e-11
209 5.3887222664750251e-11
210 2.5756404515648589e-11
211 2.8212489176785529e-11
212 2.9229748813058218e-11
213 2.7891729775108449e-11
214 2.2367348051086642e-11
215 2.8705828707516354e-11
216 2.1889772556764943e-11
217 2.7847155796552795e-11
218 4.2721160781835405e-11
219 2.0738466047059537e-11
220 2.7764440175841073e-11
221 2.2829060584057862e-11
222 4.1178847349858923e-11
223 4.2530657289843517e-11
224 3.7751475018946847e-11
225 1.8226947206291600e-11
226 2.7935063537338490e-11
227 1.6414952398043166e-11
228 4.6689427656899132e-11
229 2.2594920847173933e-11
230 1.6563522162921516e-11
231 4.7192140537194776e-11
232 1.4921526704630238e-11
233 2.8581391189061200e-11
234 2.2179649586026479e-11
235 2.0067271063379767e-11
236 2.7594952790091079e-11
237 1.7272852760984176e-11
238 1.9535102520388388e-11
239 2.3285912513272624e-11
240 1.8687431708664461e-11
241 2.6967445094422072e-11
242 3.2809236031360329e-11
243 1.5725753254393418e-11
244 2.0882429212462875e-11
245 1.5640306432508026e-11
246 1.4626717608110326e-11
247 1.4693399410577654e-11
248 1.6182628782790674e-11
249 1.4220115477997113e-11
250 1.1757428739937161e-11
251 1.2813678557081984e-11
252 1.7264866628042219e-11
253 1.5968338388348413e-11
254 1.4745687829617427e-11
255 1.8488782547830692e-11
256 1.1597805210400431e-11
257 2.2831625170198287e-11
258 1.8859816002712616e-11
259 2.3482233437261326e-11
260 1.1441179871566077e-11
261 1.4489261514805535e-11
262 1.5506707567782187e-11
263 1.1073519170770737e-11
264 1.3642924846076562e-11
265 8.8966873339515751e-12
266 9.5682050389967708e-12
267 1.6985198934625275e-11
268 1.0398847813554228e-11
269 1.1618819600263788e-11
270 9.0402342108364293e-12
271 7.2123639991106399e-12
272 1.8201895622781984e-11
273 8.1596324455450736e-12
274 8.7631204063315722e-12
275 2.0371182737928032e-11
276 8.1337461630436329e-12
277 7.1695393231261647e-12
278 1.0581618641620253e-11
279 1.4585476846397389e-11
280 8.1455533853504255e-12
281 1.0709154028429230e-11
282 8.3285133139771066e-12
283 7.5598282433764921e-12
284 7.5019540944247981e-12
285 1.2354861667396035e-11
286 5.1137866413579044e-12
287 6.6622304016152408e-12
288 7.9400558531336110e-12
289 1.0073110730739762e-11
290 8.2266305745239200e-12
291 8.0746768535746411e-12
292 6.0933756986959098e-12
293 1.1548507295308557e-11
294 9.3581530363890167e-12
295 5.4114058371652373e-12
296 6.9325569454790540e-12
297 4.4970345647162706e-12
298 8.5724705249218714e-12
299 1.3085635382938743e-11
300 4.3877084943425144e-12
301 1.1778690791629598e-11
302 7.0550506363264810e-12
303 4.5859403724204716e-12
304 5.4270481769552350e-12
305 6.1977199281008488e-12
306 5.9837121630098036e-12
307 5.2424683205522977e-12
308 5.9226725648666834e-12
309 3.9458087498458873e-12
310 7.9003257622772526e-12
311 6.7724717859523309e-12
312 8.7512236667570645e-12
313 3.7900853845153823e-12
314 4.7477842013581888e-12
315 4.3614587573732622e-12
316 5.9378699334732504e-12
317 4.3242891518254368e-12
318 4.4446011690817624e-12
319 3.4614152356204054e-12
320 7.4913186032985588e-12
321 3.9170596301165791e-12
322 4.1200879964387768e-12
323 4.6991194133437104e-12
324 3.9271520121178077e-12
325 4.8339151256912040e-12
326 4.1327941397749702e-12
327 4.2309424565316782e-12
328 5.7271720176865821e-12
329 3.6274723371175326e-12
330 4.5798905039213903e-12
331 4.7331806396084808e-12
332 3.6207976343365628e-12
333 3.9079130507375598e-12
334 6.0694350627172339e-12
335 4.0350376792262011e-12
336 3.5732021045842266e-12
337 2.6848582637423038e-12
338 5.2128017260472833e-12
339 3.7291607277603258e-12
340 2.6938491972955651e-12
341 2.8298294241340384e-12
342 5.6112276593507331e-12
343 2.6151011199457216e-12
344 4.7399660927645779e-12
345 2.2268122737562895e-12
346 3.2862342249999158e-12
347 4.5768529891113082e-12
348 3.2794138012821245e-12
349 2.1708987395309550e-12
350 2.8761238623915245e-12
351 3.3443519921579872e-12
352 3.9929486980622057e-12
353 1.9306414022215886e-12
354 1.6209618636045701e-12
355 2.2875036791988445e-12
356 3.0763528828672970e-12
357 2.0792795335507055e-12
358 3.7660597471648648e-12
359 2.0332771860128856e-12
360 1.5021832510139399e-12
361 3.1541894943929215e-12
362 3.1092947600198305e-12
363 3.1064924841518922e-12
364 3.3107965924424329e-12
365 1.4587157084284819e-12
366 2.5958128226596415e-12
367 1.8543985208948955e-12
368 1.8681229200165446e-12
369 1.6014343029971892e-12
370 1.2863577628821032e-12
371 2.5111352867444269e-12
372 1.0800160240465413e-12
373 2.3645977800470229e-12
374 1.3112394525024702e-12
375 1.8946167344925918e-12
376 2.9065993758210771e-12
377 1.4690602954230636e-12
378 1.1604448460600451e-12
379 1.7828715964917244e-12
380 3.7988686106418243e-12
381 9.8603800106566810e-13
382 3.6990361763331560e-12
383 9.8559287572466705e-13
384 1.6162405863836688e-12
385 1.4705507861700490e-12
386 9.3270381444382843e-13
387 1.3833146875613063e-12
388 1.9171005473235165e-12
389 1.0117069449419691e-12
390 1.1498977368673705e-12
391 1.7317096749253814e-12
392 1.4133672865280679e-12
393 1.6908063978520364e-12
394 9.4249591491920515e-13
395 1.1684511308718653e-12
396 1.3432346099294183e-12
397 1.1738967932805811e-12
398 2.0121521913780692e-12
399 1.1821205033426026e-12
400 1.1281719012300645e-12
401 1.0676220603320913e-12
402 1.2281971181064617e-12
403 1.1987495338752001e-12
404 1.9350451381615384e-12
405 1.1100642911543578e-12
406 8.5700541988914845e-13
407 9.1942397580470134e-13
408 9.6653916835503677e-13
409 1.0521727868590386e-12
410 8.2434421249592015e-13
411 1.8227311110573749e-12
412 7.0651059925235295e-13
413 6.9389699432206464e-13
414 9.8075268962815797e-13
415 1.5104283564068100e-12
416 1.0326159384266804e-12
417 8.9412487723199877e-13
418 8.1353607538898708e-13
419 1.8754147582838413e-12
420 9.0065000618227470e-13
421 8.6387159107290966e-13
422 1.2911028611970680e-12
423 1.3707758628415309e-12
424 1.0403187851488092e-12
425 1.0897728978678816e-12
426 9.6616644895158723e-13
427 8.6149617442275721e-13
428 1.3754205756698947e-12
429 9.6846364634565215e-13
430 1.0898896867585933e-12
431 8.0244528805284340e-13
432 6.9713615408871691e-13
433 5.4056121056499560e-13
434 7.3286831118283839e-13
435 1.8282803583594652e-12
436 6.3169327014865193e-13
437 1.2133628091384759e-12
438 7.7427702584990628e-13
439 6.4047087982146282e-13
440 8.9950120292157288e-13
441 6.2284921428863324e-13
442 1.0707154698360392e-12
443 9.8648868095510730e-13
444 7.9242139577855763e-13
445 7.2149306059817529e-13
446 7.7352250725177535e-13
447 7.9040348087667420e-13
448 6.8338462057788306e-13
449 6.7815410346016137e-13
450 9.8042990623559607e-13
451 7.5745431317198422e-13
452 1.4103512252887321e-12
453 7.0143236153815810e-13
454 8.6531743034729203e-13
455 7.0981406780384039e-13
456 9.4586505085036879e-13
457 6.0964245182700844e-13
458 8.8723553597306519e-13
459 6.6993321854852729e-13
460 7.8380121551761601e-13
461 5.3693401610398878e-13
462 6.6451322875799674e-13
463 1.2734365161607265e-12
464 5.2528985201533488e-13
465 8.8728921904704731e-13
466 1.0411751760530509e-12
467 6.8891287991021892e-13
468 6.0726904872809011e-13
469 5.5148345815298803e-13
470 1.0635928633292663e-12
471 4.7217088591022086e-13
472 6.6594557527999304e-13
473 5.8288641616376711e-13
474 7.4259761063147525e-13
475 6.0440686962611115e-13
476 4.7237629846029602e-13
477 6.6946542774808984e-13
478 5.1704889140207951e-13
479 7.1664060339197588e-13
480 7.0466914341109523e-13
481 6.0484006278789037e-13
482 4.0930197719128233e-13
483 5.7487112470817629e-13
484 5.4129477327326223e-13
485 6.1313981233342190e-13
486 5.3004459765748889e-13
487 9.4808714436170008e-13
488 1.0266051508370363e-12
489 4.8864310966720368e-13
490 4.8029104218584151e-13
491 7.3049737328991896e-13
492 5.2961235545452079e-13
493 7.4355828994822322e-13
494 4.8644358607206144e-13
495 3.9898389637612821e-13
496 5.1474665981187606e-13
497 4.3024600334782029e-13
498 3.9170174169923431e-13
499 6.9329204108893426e-13
500 6.9017596444818431e-13
501 3.9573438974858985e-13
502 5.1917378443542504e-13
503 7.0925767553587482e-13
504 4.6009280969907983e-13
505 1.0817657318279968e-12
506 3.2075840690814549e-13
507 6.4767160072389726e-13
508 4.4959890239017038e-13
509 4.1987169861118534e-13
510 7.4952543906339108e-13
511 3.0331768004088069e-13
512 4.7222817062960967e-13
513 4.1675057808916784e-13
514 3.8186546679785918e-13
515 3.6389802638749820e-13
516 4.7829865288272738e-13
517 4.6909338872421096e-13
518 2.6325770329022581e-13
519 5.4425376571686428e-13
520 5.2579428919976899e-13
521 2.6840018690001971e-13
522 9.6442488942604284e-13
523 2.9858411827140996e-13
524 6.8841135390422036e-13
525 2.4141887996700905e-13
526 7.6274219581513848e-13
527 4.0220304183255508e-13
528 3.1799945110530353e-13
529 2.9848808293365957e-13
530 5.3645752852160292e-13
531 4.8301661578087009e-13
532 4.6136598502719979e-13
533 2.6501755412420189e-13
534 4.1298738450122592e-13
535 2.6834432062969420e-13
536 3.7216284519040249e-13
537 2.2858823196769836e-13
538 4.0739323553183238e-13
539 5.2738139704712366e-13
540 3.6782019984563187e-13
541 4.8001886207707580e-13
542 2.9604522366676207e-13
543 3.0350308096546015e-13
544 2.8613610951405036e-13
545 2.8883376663161004e-13
546 3.0678795188482607e-13
547 5.1314346925724464e-13
548 2.7717474601299832e-13
549 5.2375070542322386e-13
550 3.2731196901576890e-13
551 4.4080023118383790e-13
552 3.8834049883831765e-13
553 2.7088170687454876e-13
554 2.9918391192093084e-13
555 3.4640705477844423e-13
556 6.2409879356015543e-13
557 4.6340298429072283e-13
558 2.2374825821255172e-13
559 5.3405283525482831e-13
560 3.1215940154140075e-13
561 2.0376346942653647e-13
562 3.7085475150756079e-13
563 2.6794966374064565e-13
564 3.8872356981758273e-13
565 2.4697193972388504e-13
566 3.3303684307612241e-13
567 3.0583157615433309e-13
568 2.6265397407302065e-13
569 2.9605838533819818e-13
570 2.1336268223303736e-13
571 4.5497804534318493e-13
572 2.3187627405326159e-13
573 5.0171438184239652e-13
574 3.9907804013415195e-13
575 2.6332591647994671e-13
576 2.5111612848563084e-13
577 4.5541981805121816e-13
578 3.2105167025135254e-13
579 2.3701433054200114e-13
580 3.3244984892908891e-13
581 2.7685435178054844e-13
582 3.4037537669139201e-13
583 2.1566808586588179e-13
584 4.1896682397690821e-13
585 3.2125297516681474e-13
586 1.9646011744540500e-13
587 2.5412448743158660e-13
588 3.3963131764412202e-13
589 3.0411016760410979e-13
590 5.4809845238799023e-13
591 2.2313887574562944e-13
592 3.4991700561853482e-13
593 3.3506769071020009e-13
594 3.0608908569277443e-13
595 3.2272620763197249e-13
596 2.3539787479558604e-13
597 2.7846286595455821e-13
598 2.0411289464252334e-13
599 2.2343927117004028e-13
600 1.7894610627055131e-13
601 2.7756335083884989e-13
602 4.6778704922061147e-13
603 2.1757938625119006e-13
604 1.6216824436745956e-13
