0 1.6271140087690448e-05
1 5.5914380219082580e-03
2 1.1712236871536481e-03
3 4.4429388922138311e-04
4 2.5510193295420638e-04
5 1.1393337815586901e-04
6 6.6083739168126118e-05
7 3.9799467792591613e-05
8 3.0917279908402672e-05
9 3.0308899425414960e-05
10 1.5614964730098816e-05
11 9.3147088126679305e-06
12 9.4962605071982193e-06
13 7.9717402384573672e-06
14 6.0019162155707979e-06
15 4.5400383377168357e-06
16 4.3357368668091947e-06
17 3.1264395610397890e-06
18 2.4348265430160528e-06
19 1.8678637483857841e-06
20 1.4417279013756076e-06
21 2.9270247337936787e-06
22 1.5884348730183159e-06
23 1.2731568587051233e-06
24 1.1836750899245730e-06
25 1.0327481714708688e-06
26 1.8769120881794037e-06
27 9.7655934518452942e-07
28 8.8150774748564072e-07
29 7.5495544932268021e-07
30 6.3441256591651672e-07
31 5.6310091033279456e-07
32 9.6902898305777734e-07
33 5.6011500277400626e-07
34 5.8539242738068159e-07
35 8.2470273670657455e-07
36 4.5123027047808093e-07
37 6.2933771531555595e-07
38 4.9681452829209955e-07
39 7.2315868673457722e-07
40 5.2383804391483678e-07
41 5.7671595664141124e-07
42 3.7605770132852450e-07
43 3.1546731585126981e-07
44 3.1018536622170042e-07
45 3.1449193112021576e-07
46 4.0154810236284693e-07
47 3.4838559587927469e-07
48 4.2635232507775500e-07
49 3.2188681208234829e-07
50 2.5595204770408939e-07
51 3.9109845499439307e-07
52 2.5497655532156644e-07
53 2.3224152633041821e-07
54 2.1715342046806038e-07
55 4.5419410553852357e-07
56 1.8708813904029305e-07
57 1.7682044796570178e-07
58 1.6087541597243627e-07
59 1.1874703971208161e-07
60 2.5382666519871712e-07
61 1.1871066886231094e-07
62 1.0442639493733519e-07
63 1.8397104099684236e-07
64 9.3354728816383137e-08
65 1.4156402978115097e-07
66 1.4141664369643115e-07
67 7.4606527900783017e-08
68 1.7883149187687644e-07
69 7.2882788647799049e-08
70 6.8611733037472251e-08
71 1.2501948778500929e-07
72 7.2807600702576247e-08
73 1.4198807151825606e-07
74 5.9999629386328020e-08
75 6.0789857951024613e-08
76 7.5433534793473416e-08
77 6.3457811489517427e-08
78 6.5084068488472146e-08
79 8.4810079508022157e-08
80 5.2048381912178234e-08
81 4.8927019057538063e-08
82 6.0583283453746313e-08
83 6.9917038153911454e-08
84 5.6503465978037775e-08
85 6.8145093314372479e-08
86 4.9703660103649983e-08
87 6.8709566662636441e-08
88 8.6359152776333233e-08
89 3.8091069108219185e-08
90 4.6605839815938023e-08
91 4.2857670661427567e-08
92 2.7746663658257645e-08
93 2.9010683011338577e-08
94 4.6747460957965612e-08
95 5.1129371570434031e-08
96 2.5923102341217117e-08
97 4.0813425080016201e-08
98 2.7299500967539457e-08
99 2.9409223611300340e-08
100 2.8034185963124375e-08
101 2.2472584727480889e-08
102 3.3803023913414601e-08
103 5.3275035167628151e-08
104 2.2291761295037327e-08
105 4.2122644574499241e-08
106 3.2765502600014499e-08
107 2.2388154868797453e-08
108 1.9207369557168293e-08
109 3.4381339763628995e-08
110 1.8077738946785626e-08
111 2.0823363363108205e-08
112 2.8342654858631297e-08
113 2.2134904264521010e-08
114 1.5512255182996193e-08
115 4.0299112819940736e-08
116 1.5176001796828514e-08
117 2.0906645515560694e-08
118 2.0152572615588362e-08
119 1.6516944083829442e-08
120 3.7492335416541746e-08
121 1.6124413730319568e-08
122 2.4270984403357894e-08
123 2.1230487601692615e-08
124 1.4065654108579103e-08
125 1.6941668323704414e-08
126 2.5041478342049201e-08
127 1.6202243269983500e-08
128 2.1079075657972282e-08
129 1.6662794382954722e-08
130 1.2553145565592164e-08
131 1.5457363136668644e-08
132 1.2027869136947830e-08
133 1.3805015266442982e-08
134 1.3266497860231156e-08
135 1.2678426442666968e-08
136 1.6100711008015969e-08
137 1.7927311567120486e-08
138 1.1480483785586406e-08
139 1.5772221784156919e-08
140 1.1042192688379073e-08
141 1.5383780534108705e-08
142 1.8957045682741497e-08
143 1.5830983769980464e-08
144 1.0830302785953281e-08
145 1.3126471109585037e-08
146 1.3750644916133987e-08
147 1.1433808760337378e-08
148 8.4240389840698306e-09
149 1.7744989110865559e-08
150 1.0594277284718372e-08
151 9.4681814676569261e-09
152 1.1940832734780661e-08
153 7.9556297934712815e-09
154 1.9491710625599927e-08
155 1.3024273997528978e-08
156 7.0113761379760611e-09
157 6.4542884279367848e-09
158 1.1768188165483805e-08
159 6.1973860857994825e-09
160 6.1063055396554133e-09
161 6.7535967876381672e-09
162 5.8245270152365534e-09
163 1.5986879613824531e-08
164 6.2703696290573317e-09
165 1.1737262449856724e-08
166 9.1761778215109768e-09
167 5.8960307829307139e-09
168 1.5339752724355684e-08
169 6.7915760488933500e-09
170 1.0131985202615341e-08
171 7.9917354919835575e-09
172 5.6655341204807757e-09
173 1.0130053143752733e-08
174 5.7072573243716413e-09
175 1.1315979337428126e-08
176 7.1281443526967013e-09
177 6.7275481304877282e-09
178 5.5733557906985548e-09
179 5.6203849092351104e-09
180 7.1238987070734553e-09
181 8.0194979286480146e-09
182 4.5728587403213022e-09
183 5.3504076097866890e-09
184 1.1253176313480781e-08
185 4.3851578859681638e-09
186 6.8700676833597678e-09
187 1.0735682434101436e-08
188 3.9544177416716298e-09
189 4.8415740387093605e-09
190 6.6276601219864465e-09
191 5.8065422060084431e-09
192 5.2342040080722757e-09
193 4.3588300182118717e-09
194 5.2705879654374946e-09
195 7.9291954648150327e-09
196 4.4221302030794792e-09
197 3.5620299146537208e-09
198 4.9321798843563654e-09
199 3.5096282325511733e-09
200 4.1024814766345008e-09
201 5.5312137187369490e-09
202 4.7400660089043033e-09
203 7.3824596924784108e-09
204 4.5886395194131082e-09
205 3.5063415486693445e-09
206 7.6118706656111877e-09
207 4.8372068793462244e-09
208 4.1727620718397583e-09
209 4.1122442947572465e-09
210 3.2025645266630172e-09
211 6.1382154185267117e-09
212 3.6327539403049257e-09
213 2.8659388159800162e-09
214 4.0300853605800051e-09
215 2.6979948879714510e-09
216 7.1295551351819068e-09
217 2.6736837629186857e-09
218 3.8861036884071977e-09
219 4.5960148330560539e-09
220 2.8750051448850080e-09
221 5.7364710571454695e-09
222 3.3151188318496222e-09
223 2.2955271262959717e-09
224 4.0632309690467474e-09
225 4.1719646014409581e-09
226 4.4724438229864628e-09
227 2.6195772236499136e-09
228 2.4197329834973018e-09
229 4.5475445386375410e-09
230 3.4211785051892405e-09
231 2.4720386891851281e-09
232 2.7135541288982273e-09
233 2.9226929519601820e-09
234 2.0912486578523165e-09
235 3.7560043981777521e-09
236 5.6842699022041657e-09
237 2.1696027511776687e-09
238 2.8060031562379830e-09
239 2.5829365006371006e-09
240 2.4261019885790254e-09
241 2.9325389239794535e-09
242 2.1152618662018772e-09
243 3.3179399811043562e-09
244 2.5696065850928256e-09
245 1.9901166330265275e-09
246 3.3205202578445542e-09
247 2.8984562897725565e-09
248 2.3415618147179867e-09
249 1.7378616354528841e-09
250 1.7760415488445731e-09
251 1.7005658883259859e-09
252 1.4129788908595197e-09
253 3.9162113851240886e-09
254 1.7013887639447802e-09
255 2.4558743796592725e-09
256 1.5526526433292235e-09
257 2.4132547099554689e-09
258 1.4030332508310457e-09
259 2.6740648374470566e-09
260 1.5481734885037249e-09
261 1.7066590478271428e-09
262 1.4036515938592805e-09
263 1.4832613787977298e-09
264 2.1045275626500231e-09
265 1.6295639454212295e-09
266 1.4990687453521899e-09
267 1.1497384695441081e-09
268 3.4060339612602944e-09
269 2.3520494835750793e-09
270 1.1739820285664138e-09
271 1.2810084589711886e-09
272 2.8291751569154347e-09
273 1.0703803936752694e-09
274 2.1901314101553144e-09
275 1.2659218497233725e-09
276 1.0381648782654131e-09
277 1.4470638370779246e-09
278 1.0646992074213877e-09
279 1.3975989386824165e-09
280 2.2542097142895402e-09
281 1.5906686241982802e-09
282 1.0230578749251438e-09
283 1.0780303100209045e-09
284 2.7667521561943665e-09
285 1.0717996152641233e-09
286 1.4658112970364339e-09
287 7.8203515528693070e-10
288 1.2326508647508657e-09
289 1.1725746401290782e-09
290 1.2981719945638692e-09
291 1.0286341764071638e-09
292 1.3574365359232855e-09
293 1.2953141248661033e-09
294 1.1616948696147193e-09
295 1.5577363765493324e-09
296 1.3426265389786549e-09
297 8.2037619590996983e-10
298 1.5517475461742260e-09
299 1.2099019942779390e-09
300 6.2811162897424448e-10
301 2.1484342510297397e-09
302 6.8308847535271808e-10
303 1.0223745192501380e-09
304 9.9014913992186497e-10
305 1.2153083277725784e-09
306 7.0316173547693492e-10
307 1.4994880661379360e-09
308 1.0443086582307183e-09
309 7.9878320858831261e-10
310 1.0693424184038454e-09
311 8.2344949020140120e-10
312 6.4020945935463656e-10
313 5.6227481156152776e-10
314 7.4349158744901463e-10
315 7.7188641190889529e-10
316 1.0209772192134511e-09
317 8.6110926820252049e-10
318 7.7384735713710484e-10
319 1.2947130653300102e-09
320 6.4893259372000059e-10
321 7.8556687762741022e-10
322 1.3368360051052866e-09
323 6.6721080665889043e-10
324 6.4281954545010640e-10
325 1.3475981538318774e-09
326 1.0225047826468106e-09
327 7.3536782659534897e-10
328 8.0627883225499505e-10
329 6.0228301170274776e-10
330 5.0756573988534375e-10
331 6.1386860448364611e-10
332 6.0332869469029190e-10
333 9.7027219629859142e-10
334 7.5104449567163901e-10
335 7.8774662781065266e-10
336 5.3119114538746860e-10
337 6.0612203015564087e-10
338 4.3995879764997763e-10
339 5.6758562634811379e-10
340 4.0465531322923104e-10
341 5.2655299788064853e-10
342 8.4135464166299946e-10
343 3.9645035972465573e-10
344 9.0506911681942196e-10
345 4.8651368305795175e-10
346 6.8136853251366039e-10
347 5.1219124530849694e-10
348 4.3088977994273785e-10
349 4.9177052792334212e-10
350 7.6737555095876790e-10
351 3.7627748007894747e-10
352 6.9641207860292952e-10
353 4.5119626081251433e-10
354 3.7880011023956670e-10
355 3.9566151838655822e-10
356 2.6755393755072399e-10
357 3.4864378493137529e-10
358 6.5204420213150831e-10
359 4.6488697476605833e-10
360 3.2846012969711038e-10
361 5.4464588960077924e-10
362 2.8860395926886672e-10
363 3.6514209899530569e-10
364 7.0448469916531870e-10
365 3.9034407933267498e-10
366 2.7988362138945774e-10
367 9.0386207392654596e-10
368 2.8754745449619700e-10
369 2.9317770058822825e-10
370 3.7025195690034231e-10
371 2.9861848906176056e-10
372 3.1474636790847748e-10
373 2.8596784861123591e-10
374 3.1369836625752052e-10
375 4.4575607928661166e-10
376 5.0062794373869257e-10
377 3.1730220222439761e-10
378 2.3038807745995077e-10
379 3.4272364989479545e-10
380 4.2180122884136960e-10
381 2.4516871112467460e-10
382 2.9594311278115871e-10
383 4.3540042386909474e-10
384 2.4749577267574068e-10
385 4.2999853640542706e-10
386 2.9748111465872554e-10
387 5.7938132600449280e-10
388 2.0527773147127044e-10
389 1.9806699384497767e-10
390 1.7186784407920406e-10
391 3.2225480912524650e-10
392 3.1823992985352309e-10
393 1.9458451947966047e-10
394 2.3460646430147601e-10
395 2.4684042203759489e-10
396 3.7532821966349421e-10
397 2.5632200899322567e-10
398 2.1015891507001872e-10
399 3.8768427353595821e-10
400 1.5503204601812460e-10
401 5.1436815951913946e-10
402 2.5351462313691284e-10
403 1.9540163203007283e-10
404 2.9176416742992714e-10
405 3.4611818916604756e-10
406 2.1648794752694264e-10
407 2.6153345072165252e-10
408 2.7717951595896034e-10
409 2.7540460531029917e-10
410 1.8807403436568524e-10
411 1.5271038867802570e-10
412 5.1988260503736570e-10
413 1.6666744464198299e-10
414 1.8562298935365449e-10
415 2.6736598300336936e-10
416 2.9059259487513042e-10
417 2.0775031917010878e-10
418 1.8088716930057344e-10
419 1.7839562340570150e-10
420 1.8179724434238075e-10
421 1.4999598969369944e-10
422 2.2759316873418600e-10
423 1.6291416817244264e-10
424 2.4808726768501859e-10
425 1.8352833194054893e-10
426 2.3083132066052342e-10
427 2.0015114353399156e-10
428 1.3381681782111218e-10
429 3.3882722625156651e-10
430 1.1830647742675657e-10
431 1.5515426712305510e-10
432 3.5063925796320164e-10
433 1.5463771097194025e-10
434 1.7325084146328373e-10
435 1.8002365453346418e-10
436 1.5777938689885679e-10
437 1.6347141845408735e-10
438 1.9692188125176426e-10
439 1.8264769410105801e-10
440 1.7181315535551477e-10
441 1.5318942500801012e-10
442 1.1467695653173822e-10
443 1.3082749527439161e-10
444 1.9134663865693503e-10
445 1.7588238990077210e-10
446 1.2119211422586664e-10
447 1.5546174285749627e-10
448 2.0012261042864933e-10
449 1.3256530601674876e-10
450 1.7969744822980785e-10
451 1.7622551363340508e-10
452 1.0777856600345170e-10
453 1.7110987236617851e-10
454 1.2603081804304288e-10
455 2.2321349871882273e-10
456 1.1100035815643256e-10
457 1.1276910680669828e-10
458 1.2069014328195584e-10
459 1.4632998249687830e-10
460 1.4462919106554235e-10
461 1.5403356165218364e-10
462 2.0292280960031418e-10
463 1.0723644003420685e-10
464 2.0285235453763512e-10
465 1.3580762110079486e-10
466 2.2490866561642127e-10
467 1.7760476964239756e-10
468 1.2181903975292341e-10
469 1.2073859308036796e-10
470 1.0030515610328676e-10
471 7.7487876060447784e-11
472 1.7804662649191720e-10
473 1.1071890387521706e-10
474 9.4738600774676273e-11
475 9.9932246972504616e-11
476 2.5473534932522629e-10
477 7.5789433958177955e-11
478 1.0409561903679791e-10
479 1.2232994956546824e-10
480 1.2535635440082502e-10
481 1.0642076001348261e-10
482 2.1877487967852133e-10
483 8.9013562243995209e-11
484 1.1380854234883517e-10
485 9.2982950211583917e-11
486 1.6138402506174454e-10
487 1.0123325059017086e-10
488 1.1460187780113959e-10
489 1.0522194629349666e-10
490 1.1219278643246612e-10
491 1.7413379160737938e-10
492 1.1369118493559869e-10
493 8.2367343824680000e-11
494 1.1393945574836935e-10
495 1.2024591179819592e-10
496 1.1491551400259143e-10
497 7.6126189919601803e-11
498 1.5749380394799447e-10
499 7.6423547492195256e-11
500 9.2275768067474302e-11
501 1.3347998131366797e-10
502 1.5808908704378581e-10
503 1.4250947664674082e-10
504 7.6660966310136480e-11
505 1.0414719736054108e-10
506 1.9677771053815324e-10
507 1.1435956254212237e-10
508 8.1776527867283924e-11
509 1.1961993166162133e-10
510 1.2784428869808637e-10
511 5.9969872230699320e-11
512 7.2193875626002461e-11
513 9.5930551804841372e-11
514 1.6355001428466665e-10
515 7.4121561953341076e-11
516 1.7432526688900934e-10
517 1.2633877603796986e-10
518 9.9502236748118835e-11
519 6.4777002972640113e-11
520 6.6845928401029526e-11
521 8.3925470120528471e-11
522 8.4785131025065136e-11
523 8.9733228030771816e-11
524 6.1795777243563649e-11
525 1.6442907064352611e-10
526 1.0923506416921463e-10
527 9.1455310981686843e-11
528 8.6417771547703125e-11
529 1.1517547626639475e-10
530 6.8547436914092898e-11
531 1.7309146433195488e-10
532 9.6472180762956651e-11
533 6.6713867273772353e-11
534 9.2560453279060997e-11
535 1.2318882772037447e-10
536 1.1758920107851699e-10
537 5.4139123350822094e-11
538 8.0659094645522719e-11
539 4.8521113810628806e-11
540 6.8025300894582750e-11
541 8.0399121947424645e-11
542 1.0253880412782737e-10
543 9.2553342189491010e-11
544 6.6327334536484974e-11
545 7.6329391388193988e-11
546 1.1098862471511914e-10
547 6.6476044582032083e-11
548 1.4420889183629012e-10
549 1.1145582815119648e-10
550 4.8728286022721942e-11
551 5.9512610899550946e-11
552 7.5556298955691384e-11
553 6.7618386767580925e-11
554 6.8387924323232805e-11
555 5.2786712446348353e-11
556 6.6514923543858163e-11
557 5.4264718443286347e-11
558 7.9596687556000017e-11
559 1.1904915547465658e-10
560 5.4744723974337610e-11
561 6.1789420474906764e-11
562 7.1543285637227628e-11
563 8.8693419204690078e-11
564 4.6873725836954960e-11
565 7.1545059066695235e-11
566 8.3185722782655869e-11
567 6.5349338069301093e-11
568 1.1718950187329526e-10
569 4.1901316569192876e-11
570 9.5471223771367915e-11
571 4.8345617533130432e-11
572 8.0655808357215369e-11
573 5.0906120439477025e-11
574 5.2134078918181453e-11
575 6.5683068774392156e-11
576 3.8746645361848483e-11
577 5.7554891902133681e-11
578 9.8342127685979331e-11
579 4.6806038625628904e-11
580 1.0104882190995989e-10
581 5.6874258544689026e-11
582 5.5104195383708827e-11
583 3.7530081979472008e-11
584 5.9835829696798142e-11
585 6.5903379621144287e-11
586 4.7687156518185128e-11
587 6.8273328779431517e-11
588 5.9604309868382329e-11
589 5.0342584441200357e-11
590 5.0791455639102527e-11
591 4.3698315007886119e-11
592 6.0498377262535867e-11
593 6.7101363013326369e-11
594 3.8824081140452617e-11
595 5.6773898954394822e-11
596 6.5415535453393571e-11
597 6.9776612181683009e-11
598 6.8802901731762755e-11
599 6.4559914703956224e-11
600 3.5299800240415371e-11
601 7.1555601308601955e-11
602 3.5540345387177259e-11
603 3.2580558407947007e-11
604 4.5092532318298212e-11
605 7.7721779946841585e-11
606 4.0949051722676061e-11
607 3.3516122190762927e-11
608 7.6650816815120055e-11
609 5.0336245832313573e-11
610 3.3145341182250987e-11
611 3.9441090953134458e-11
612 5.5150610914088552e-11
613 5.8375398228046886e-11
614 4.3064850255686037e-11
615 5.3588305443771241e-11
616 3.8022593548632251e-11
617 4.0153779807646273e-11
618 3.1065941540716023e-11
619 3.4286773982240197e-11
620 5.8806395839450488e-11
621 4.1880734138427033e-11
622 3.0729532741948143e-11
623 6.0921353211657082e-11
624 2.7656369697497032e-11
625 3.0469861287175741e-11
626 4.8449081515188989e-11
627 3.4590997109981250e-11
628 4.1994447497378335e-11
629 4.0843883582257949e-11
630 4.1134931317142489e-11
631 3.6800546198766128e-11
632 4.1180544674804590e-11
633 4.7381109491820023e-11
634 3.5348116123030861e-11
635 2.1022086831366177e-11
636 3.1168854893591601e-11
637 2.5471800742655658e-11
638 2.5508587389684789e-11
639 3.0298801848182122e-11
640 5.0312555586741303e-11
641 2.2622580162811719e-11
642 3.1876375138525777e-11
643 2.1058267637089054e-11
644 1.9522116167278998e-11
645 4.8649792603655535e-11
646 2.7755996243114681e-11
647 4.8701469586616792e-11
648 1.5874346877778314e-11
649 3.9191042848201575e-11
650 2.8847795280218667e-11
651 1.8948928178181927e-11
652 2.9879575827084742e-11
653 2.0865344845329067e-11
654 1.5961974057331796e-11
655 1.8764627389752794e-11
656 2.5595778348893535e-11
657 2.6736976307544177e-11
658 2.5618426233426744e-11
659 1.6795925072671564e-11
660 1.6070700806316167e-11
661 2.0810490167562551e-11
662 1.9514050269103290e-11
663 3.2533462527912429e-11
664 1.9412307064025525e-11
665 1.5580463808276684e-11
666 2.8139598406812114e-11
667 1.6974296370201600e-11
668 1.5772620199559188e-11
669 1.4276252674643389e-11
670 3.7037415472776426e-11
671 1.1743677373429519e-11
672 1.5168468705133550e-11
673 2.0605826626222299e-11
674 1.8620006097527541e-11
675 1.3672866383606153e-11
676 1.0552819718336251e-11
677 1.2710117688343929e-11
678 2.7125150117020817e-11
679 7.8669536660144947e-12
680 3.0095478963278944e-11
681 1.8495620355928676e-11
682 1.0841822060583742e-11
683 1.4002906288178251e-11
684 7.9904419411762216e-12
685 8.4366908159598874e-12
686 1.4010257658110938e-11
687 1.0291762098909464e-11
688 1.5251733470142953e-11
689 1.3488985182302745e-11
690 1.2666313552420978e-11
691 9.1153477576844928e-12
692 1.8504141094760205e-11
693 8.8528391194483518e-12
694 8.5173411005802769e-12
695 8.6605209052457832e-12
696 1.1681202559766620e-11
697 2.0457490507418380e-11
698 9.3468701046790083e-12
699 1.1517076638218720e-11
700 9.7131606776955467e-12
701 9.1949516047394507e-12
702 6.7211265010712971e-12
703 8.2886686237015163e-12
704 1.1730746591611817e-11
705 1.2501677646648233e-11
706 5.8831399646268206e-12
707 1.2301545309149300e-11
708 7.9050068394251242e-12
709 9.0788609937050062e-12
710 5.8942306402183893e-12
711 7.8095064619841130e-12
712 6.7676170394331818e-12
713 5.2133593883905568e-12
714 1.7679400998349607e-11
715 7.6593482362455885e-12
716 6.1039758276369763e-12
717 5.8082736032581278e-12
718 8.1996039392338862e-12
719 8.7231970684536116e-12
720 7.4373909820603349e-12
721 8.3083239468385417e-12
722 4.1186607909125900e-12
723 6.3246630916978023e-12
724 7.2314977288023868e-12
725 6.1579179152655363e-12
726 4.2320678769068655e-12
727 4.7362845867700203e-12
728 8.2602696420318060e-12
729 3.6154928232246939e-12
730 9.6157070749571683e-12
731 8.3472834436732278e-12
732 4.5357978024709263e-12
733 7.1941444795428748e-12
734 6.6287487633199808e-12
735 5.5638399812963460e-12
736 4.2335927726662068e-12
737 5.3448714317397138e-12
738 4.1472203162144795e-12
739 2.9080628655051331e-12
740 5.1385542932495456e-12
741 2.9875618970397946e-12
742 3.5713686498381153e-12
743 3.7917717777679337e-12
744 5.4014533883687429e-12
745 4.1029769980845884e-12
746 3.0285518061977371e-12
747 8.3867229760378004e-12
748 3.4419620602665005e-12
749 4.4352737915457595e-12
750 5.6916859975039414e-12
751 3.3963666211783836e-12
752 3.2367742643615730e-12
753 8.6612606750091157e-12
754 2.0931312088382042e-12
755 2.4039846593383649e-12
756 3.5019470617238707e-12
757 4.7976000734364894e-12
758 2.1826533139879328e-12
759 6.0445188992227616e-12
760 2.3720613285008895e-12
761 2.9301452209913883e-12
762 2.7912933853194104e-12
763 3.1150153174189906e-12
764 2.8577570231592085e-12
765 2.7648002310904604e-12
766 1.9744680222440178e-12
767 2.3461889213114913e-12
768 2.3255399289653223e-12
769 2.2346382156984284e-12
770 4.9056655118548838e-12
771 1.7595619578436195e-12
772 3.5661231794056205e-12
773 2.3017086171951021e-12
774 2.1576272046107552e-12
775 2.1069098838117692e-12
776 3.7398161618650257e-12
777 2.8512445455065858e-12
778 1.6608204069668633e-12
779 2.1749988301050078e-12
780 2.0625498832451920e-12
781 3.4024029267626724e-12
782 3.0575729134512532e-12
783 1.9768218312914221e-12
784 2.8535080228842183e-12
785 1.9955134726226755e-12
786 1.5451564356218539e-12
787 1.8029556425038033e-12
788 2.2510667402729127e-12
789 2.3195800129348511e-12
790 1.4118046250412552e-12
791 1.6453579218608936e-12
792 1.7654472330462982e-12
793 2.7120742424554466e-12
794 1.5171823696398151e-12
795 1.7605298966805946e-12
796 1.6687842965859907e-12
797 1.4506177291765571e-12
798 3.2729450031295628e-12
799 2.2471490997452466e-12
800 1.3010381388355164e-12
801 1.7189083792694233e-12
802 1.2800981060622157e-12
803 2.7409123755544853e-12
804 1.8480218387804525e-12
805 9.6293449662586484e-13
806 1.4648948576799459e-12
807 1.1052382558610299e-12
808 2.0034176380815223e-12
809 1.2933172764445139e-12
810 1.1946089032331025e-12
811 1.1370294565545280e-12
812 1.6340852314137856e-12
813 1.5498198106599661e-12
814 1.5392126883181971e-12
815 2.0576782048715129e-12
816 1.0933399994488391e-12
817 1.7326980711841791e-12
818 1.0328522579575202e-12
819 1.1006633855890314e-12
820 1.5598021143277005e-12
821 9.0229933929076699e-13
822 1.2099848096535328e-12
823 1.0975709845387987e-12
824 1.2863747334590517e-12
825 1.3679937023988151e-12
826 9.3294742764039839e-13
827 9.7316579477853707e-13
828 1.5124482268995608e-12
829 1.4944709744325223e-12
830 1.2627319401205842e-12
831 8.2597225399729402e-13
832 1.2334819810032540e-12
833 2.3240988763304783e-12
834 7.5530443473171938e-13
835 1.6216153593846137e-12
836 8.2861796291534836e-13
837 2.4849933620905030e-12
838 7.9944517462345807e-13
839 8.6949795905897340e-13
840 8.3343800576504415e-13
841 7.6123503431236152e-13
842 1.4353284298790857e-12
843 6.7986238172689977e-13
844 9.6846269024489630e-13
845 7.0367073910317982e-13
846 5.4180451556378253e-13
847 7.2501562869127720e-13
848 1.5136082460650257e-12
849 7.1330077833815920e-13
850 6.3875834994209256e-13
851 1.2123183430706085e-12
852 8.1279097578942179e-13
853 5.7823149699187320e-13
854 1.1552605145442488e-12
855 8.6081085211326040e-13
856 8.1595668090800180e-13
857 6.6855461613891398e-13
858 6.0990436718243251e-13
859 5.2351291538770865e-13
860 1.0391567920120105e-12
861 5.9824514215703838e-13
862 7.4122475378022263e-13
863 7.5545746306517059e-13
864 4.1943895212124801e-13
865 7.4462059700208547e-13
866 5.6080545888421201e-13
867 1.1641718027996183e-12
868 5.7617731742278128e-13
869 5.6545481312385264e-13
870 8.0941902850472047e-13
871 4.2876510363260087e-13
872 3.6801206607946789e-13
873 5.9129841700066104e-13
874 3.8300537584936404e-13
875 7.7804167935291675e-13
876 1.1597256111109727e-12
877 3.0693466632924963e-13
878 6.0277292787020529e-13
879 5.2666706570050935e-13
880 4.7893327552451595e-13
881 3.8022561433444474e-13
882 6.2484486860079808e-13
883 4.3372058094746478e-13
884 3.7983096237882037e-13
885 8.6092803046879660e-13
886 3.7109712727431049e-13
887 6.5494332474723719e-13
888 2.5631988903591905e-13
889 2.8055080843324600e-13
890 2.5170922120323544e-13
891 4.1100707632646066e-13
892 3.6228758517137736e-13
893 2.3009564681327913e-13
894 3.8601165116741951e-13
895 4.8656549055027822e-13
896 3.1578002065654040e-13
897 4.9412838226233983e-13
898 2.5571741118971765e-13
899 2.7555709056137371e-13
900 2.8761336697336008e-13
901 3.4947089757695240e-13
902 3.1483630553297228e-13
903 2.2666274580285355e-13
904 3.6869501269429822e-13
905 2.7997959295053948e-13
906 3.4037340451654028e-13
907 2.2111588709116461e-13
908 3.1663338756229055e-13
909 2.6446450266306092e-13
910 2.4773793462629280e-13
911 2.4682215110265380e-13
912 3.0604370331555935e-13
913 1.5422448531377700e-13
914 2.3922938918931055e-13
915 1.8674190420262886e-13
916 1.6197380905942713e-13
917 3.5261724001324893e-13
918 2.2110245131522330e-13
919 3.5334169696678757e-13
920 2.0932832663595067e-13
921 1.8600682265294357e-13
922 1.5414413358454095e-13
923 3.9957059372811715e-13
924 1.6062891173210737e-13
925 1.5340303322144849e-13
926 1.7311057505541018e-13
927 1.9895531487841446e-13
928 1.4032469868962980e-13
929 2.7311757712116131e-13
930 1.6096052747733273e-13
931 1.7068160201311330e-13
932 2.2558851024343720e-13
933 2.2917290294611909e-13
934 1.0789732480885562e-13
935 1.8163982781278407e-13
936 3.0724691588688977e-13
937 1.9247460238489496e-13
938 1.7729062692939934e-13
939 1.6600288388905923e-13
940 2.1894335434352218e-13
941 1.4695733771515886e-13
942 1.2291211362585805e-13
943 1.8387081996805472e-13
944 8.9998870516803816e-14
945 1.6886772291645095e-13
946 1.0333467843714365e-13
947 1.2148065761893881e-13
948 8.3540041508657640e-14
949 1.6428928022869871e-13
950 1.3790946620594732e-13
951 1.0441229701173784e-13
952 1.4317053262309729e-13
953 1.6156045360071143e-13
954 1.3740250855324040e-13
955 1.5114039610090642e-13
956 9.0543494613906085e-14
957 1.4056314797064993e-13
958 1.5227309257868985e-13
959 1.0808587324178920e-13
960 1.3386645234418731e-13
961 9.5663530679265812e-14
962 1.6197042138492086e-13
963 7.9666350578052928e-14
964 8.1390817191969862e-14
965 7.0460564850615950e-14
966 2.0989546117244312e-13
967 9.7939663410464247e-14
968 9.5273974602270195e-14
969 7.1742255747337334e-14
970 9.8059313650616192e-14
971 6.9630367765772088e-14
972 1.3902515555780128e-13
973 1.0450115946711118e-13
974 6.8825193152645339e-14
975 8.5321772542458705e-14
976 1.0692048377993626e-13
977 5.7886628381346476e-14
978 1.5155467138773318e-13
979 1.1511374702927142e-13
980 7.8494354682421734e-14
981 1.2684267466669963e-13
982 7.5275982003366757e-14
983 8.4286550606021378e-14
984 1.1788426675545284e-13
985 7.5723974367119705e-14
986 5.5508051458062541e-14
987 7.0309487154236371e-14
988 7.7107892312999598e-14
989 1.6274655647913198e-13
990 5.9310694529039926e-14
991 9.8424150080834258e-14
992 5.5670490406489805e-14
993 1.1654711409557237e-13
994 9.7456299862850302e-14
995 6.6434201670458268e-14
996 7.5375974266612174e-14
997 4.7806372662810118e-14
998 1.1248836759119429e-13
999 7.2655455390999710e-14
1000 1.3425916452265683e-13
