0 1.6271140801806952e-07
1 4.9348758698544874e-02
2 2.4643882546757406e-02
3 1.8883321750436829e-02
4 1.0594870080445308e-02
5 7.8804859279838126e-03
6 5.4563516780763953e-03
7 3.1334090458944035e-03
8 2.4771376466247029e-03
9 2.0682879806223930e-03
10 1.9117749463532455e-03
11 1.2673257988014615e-03
12 9.0169177347834088e-04
13 7.3061271995814611e-04
14 5.2926037108515494e-04
15 3.3374362602684495e-04
16 2.5514377833142600e-04
17 3.0651937528317568e-04
18 1.5192125113981379e-04
19 9.3206809440094407e-05
20 8.0545836379762644e-05
21 1.1993844161356508e-04
22 6.3801471075392298e-05
23 5.6028792426088363e-05
24 4.9149656731842390e-05
25 4.9675079249788428e-05
26 8.2064051519675278e-05
27 5.8759884860421586e-05
28 4.7605224235081474e-05
29 3.6961350605250785e-05
30 4.4393607071697314e-05
31 3.6259052616731406e-05
32 3.3735964719831846e-05
33 2.6941499687264349e-05
34 3.1391909600352983e-05
35 2.6525641038069019e-05
36 2.8775241668864521e-05
37 3.6990555014705368e-05
38 2.2669117687646943e-05
39 2.5271422095970697e-05
40 2.8107525993383422e-05
41 2.2522836079082698e-05
42 1.7136739423374584e-05
43 1.8843715949446612e-05
44 1.8363231347212976e-05
45 1.3843218769877066e-05
46 1.3986503589277934e-05
47 1.4954760842309441e-05
48 2.1340126640521704e-05
49 1.4541647800466210e-05
50 1.7965100606221536e-05
51 1.9452231824431020e-05
52 1.2065930753189150e-05
53 1.6688938937775437e-05
54 1.2454334153480031e-05
55 1.7224371152173417e-05
56 1.0761374792047521e-05
57 1.1487880739940906e-05
58 1.2831856234975718e-05
59 1.0733519168458274e-05
60 8.3707689100663799e-06
61 8.6352664130357424e-06
62 8.1868858966938555e-06
63 9.4432051525463919e-06
64 7.1913036096329013e-06
65 8.9796961886594269e-06
66 8.8691703048943232e-06
67 8.7504794926711940e-06
68 5.9847440772321948e-06
69 5.7109044137417201e-06
70 6.9063061110903345e-06
71 8.2520729475799528e-06
72 5.5284880185012047e-06
73 7.1309215899197042e-06
74 1.0255122045201488e-05
75 6.4120870538301892e-06
76 5.8786213624071291e-06
77 6.2553539332498611e-06
78 4.8084476613033509e-06
79 5.4450227506059200e-06
80 5.0973661692711743e-06
81 4.8224995814335302e-06
82 4.1953269085205078e-06
83 5.4545679013418580e-06
84 3.1677694100397663e-06
85 3.2137696238773814e-06
86 7.9103051209621882e-06
87 3.1276493850967543e-06
88 2.7930736444361450e-06
89 3.9282556042286045e-06
90 2.9896917784030271e-06
91 5.6388044983061466e-06
92 3.2778726498778609e-06
93 2.9871890173083037e-06
94 5.0383218097745993e-06
95 2.8225232307525285e-06
96 3.5217637734295360e-06
97 3.7705291106251506e-06
98 2.9885246771224491e-06
99 3.2289676272191227e-06
100 2.4317946341700236e-06
101 2.1718172923069818e-06
102 3.6744432858617676e-06
103 2.0677993912505150e-06
104 2.3674784302209588e-06
105 1.5655209195088983e-06
106 1.6110954094916079e-06
107 1.7168978771123988e-06
108 3.0134834400114338e-06
109 1.7446129116840502e-06
110 3.0352522145502001e-06
111 1.2529094040229287e-06
112 1.8222148783842799e-06
113 1.5443430008402511e-06
114 1.4351083509926782e-06
115 1.1880007069069295e-06
116 1.7353726675200369e-06
117 1.8385335348480766e-06
118 1.6159641183985565e-06
119 1.2855834876092259e-06
120 2.1766931128824989e-06
121 2.2472934856870399e-06
122 1.1967702724372673e-06
123 1.5708350169756511e-06
124 1.9902720795858519e-06
125 1.0162651830637730e-06
126 2.2212190954572584e-06
127 1.0380420110949106e-06
128 1.2995398793312349e-06
129 1.0366011944870207e-06
130 1.4639166099974284e-06
131 1.4878244392856208e-06
132 1.6844455859146262e-06
133 1.0056408359611789e-06
134 1.3217972332912472e-06
135 1.3350452073597996e-06
136 1.1629999066468517e-06
137 1.1497636788818059e-06
138 1.5337548069751839e-06
139 9.4801513328349443e-07
140 1.8371190281496681e-06
141 1.2864280009503271e-06
142 8.6654612093908446e-07
143 9.5936367895765866e-07
144 1.6583433545963281e-06
145 7.7577060844159147e-07
146 1.0213481870557666e-06
147 1.1440821132312857e-06
148 6.7166791372417371e-07
149 9.9570030317601428e-07
150 8.7645611691460664e-07
151 5.4882997190586883e-07
152 5.6451716440659377e-07
153 1.1682637755030809e-06
154 7.4477215761302163e-07
155 1.3301265374815060e-06
156 5.8843645191980021e-07
157 9.7307301632270198e-07
158 5.2763893031637487e-07
159 8.9513596364645917e-07
160 5.6926231128269690e-07
161 8.0965357838002621e-07
162 7.4816596423251921e-07
163 8.4206404667352627e-07
164 5.2182187888768034e-07
165 5.7730154685662778e-07
166 9.2796777943842643e-07
167 6.1896071284248737e-07
168 9.7381479643273430e-07
169 3.9628814347684201e-07
170 1.0140033418173560e-06
171 6.7954474819177940e-07
172 4.5085802956968672e-07
173 5.3425959406987363e-07
174 4.6896044572256459e-07
175 6.3458224070258999e-07
176 3.8044681955854485e-07
177 7.7019481593851461e-07
178 5.1175865084832875e-07
179 6.1847026595967648e-07
180 3.9764514569064232e-07
181 3.8101847196437233e-07
182 7.6289976650485316e-07
183 3.1495548694568671e-07
184 5.2789084676199486e-07
185 5.8248735902928746e-07
186 2.9604580598921456e-07
187 2.9459555818415818e-07
188 5.1699893514486586e-07
189 4.5655541700519031e-07
190 5.2488035138591322e-07
191 5.7462357120483282e-07
192 2.9022856867987546e-07
193 4.0365162426677489e-07
194 2.9903319062440032e-07
195 3.1206359584813940e-07
196 4.1534111534110555e-07
197 5.5055246414874376e-07
198 4.2092079323703037e-07
199 5.7620005250569557e-07
200 3.6159017082759347e-07
201 4.4632961441475723e-07
202 5.3692209555151448e-07
203 2.7037967554995155e-07
204 5.1564799027434995e-07
205 3.0560001556926261e-07
206 4.7337961751618834e-07
207 2.7052548918997670e-07
208 2.8327142965668920e-07
209 2.4189702312215953e-07
210 3.8346370442434742e-07
211 3.4434742228806050e-07
212 2.6542694619717461e-07
213 2.5377092203840546e-07
214 2.7100332436233758e-07
215 3.0509634124555857e-07
216 2.0629813148810966e-07
217 2.9308410976329559e-07
218 2.9337237115497353e-07
219 1.8948334864535495e-07
220 4.1911326759121708e-07
221 3.0006919029646845e-07
222 1.8445044267142706e-07
223 4.8062454880655801e-07
224 2.7255170027541304e-07
225 3.6752441516084512e-07
226 2.3034122041638362e-07
227 3.4673320122241921e-07
228 2.8788709649993829e-07
229 3.1192239391814597e-07
230 2.8268819328693226e-07
231 2.8382542572649428e-07
232 2.6115806518460412e-07
233 2.1368665780883520e-07
234 3.9104191665094472e-07
235 2.3322813251510668e-07
236 3.0327746217407846e-07
237 2.0513783405168444e-07
238 2.0046797067823626e-07
239 2.0713446694924248e-07
240 2.2725633504990499e-07
241 3.3339101676334157e-07
242 2.0219627780065511e-07
243 4.4490769609859261e-07
244 2.2199965953431340e-07
245 1.9346885091806779e-07
246 3.1454359050304049e-07
247 4.1567829326183941e-07
248 3.1262768492400387e-07
249 1.8893549288943343e-07
250 3.0932015401183633e-07
251 2.4798933396979005e-07
252 1.7226352951181214e-07
253 2.4795863045832107e-07
254 1.8470722230537258e-07
255 2.7244693716044486e-07
256 2.1923953692326568e-07
257 2.1423808416770265e-07
258 1.8305533903772053e-07
259 2.7354069107644067e-07
260 3.0128129315270240e-07
261 1.8285216236540062e-07
262 1.5173355958154970e-07
263 1.8257086578174250e-07
264 2.5582969644166240e-07
265 1.7454556418829639e-07
266 1.6067084743073404e-07
267 1.9892188357375083e-07
268 2.3464127875214746e-07
269 1.8900131368847675e-07
270 2.7858875196536989e-07
271 3.5097253304092392e-07
272 1.4706925296103907e-07
273 2.2197469928055584e-07
274 2.9955458071279209e-07
275 1.2841091778806218e-07
276 1.4154924718097072e-07
277 1.5929099426785559e-07
278 2.3556912516390772e-07
279 1.6157977969912960e-07
280 1.2086246209618056e-07
281 1.9208830908020566e-07
282 2.0379245366455410e-07
283 1.9351214276272745e-07
284 1.2475774114657926e-07
285 2.2348601695739372e-07
286 1.4099734297855546e-07
287 1.4963717612288845e-07
288 1.7812875592480214e-07
289 1.3485585845136995e-07
290 1.8911354563097004e-07
291 1.1226376926736415e-07
292 1.7424727243176479e-07
293 2.0725791556103926e-07
294 1.5659697736218695e-07
295 1.1746891462292437e-07
296 1.0574284985851864e-07
297 1.0351695667167255e-07
298 1.6051612593482162e-07
299 1.3856448638911731e-07
300 8.0997685388722482e-08
301 2.5521905343357789e-07
302 9.6825602322277450e-08
303 1.5383503770744414e-07
304 1.7734498381085397e-07
305 1.2383889224881411e-07
306 1.4988009656325072e-07
307 1.3868534277358674e-07
308 9.0835326841078912e-08
309 1.4260386470609072e-07
310 1.0773589485559245e-07
311 1.3133855180305817e-07
312 1.1920715347669507e-07
313 1.0260656633603133e-07
314 1.1840743242076609e-07
315 7.5098835290451131e-08
316 2.2113958552218341e-07
317 6.6670556518089296e-08
318 1.3434154029613698e-07
319 1.1118637469676106e-07
320 7.4014612680554048e-08
321 1.0036619314550876e-07
322 8.2858946570874786e-08
323 9.3361278956018083e-08
324 5.5194903761027152e-08
325 8.6237910671990596e-08
326 1.1298322455058368e-07
327 8.5234848159227847e-08
328 9.2806500262208410e-08
329 8.6035740439622699e-08
330 6.9395301898231907e-08
331 1.0755717941258781e-07
332 7.2342696758432967e-08
333 1.3758045534346548e-07
334 9.2477411708021245e-08
335 9.0983834352853103e-08
336 7.4090446249227759e-08
337 9.1747303516757088e-08
338 7.4816296107122273e-08
339 9.3984509783432681e-08
340 1.1294371530946044e-07
341 7.7457809964904093e-08
342 7.2346873605400912e-08
343 8.3208397090864398e-08
344 7.0845596657086843e-08
345 5.5970963624676049e-08
346 7.2169600819401669e-08
347 7.9823767599078626e-08
348 5.5398375623822469e-08
349 9.3970786402894430e-08
350 6.8029137868765007e-08
351 1.2886750716433815e-07
352 4.7357032229996261e-08
353 6.8234159428953481e-08
354 7.9333317888347441e-08
355 4.9857730690003510e-08
356 7.2374408697692086e-08
357 5.9056262903955229e-08
358 3.3528883436218038e-08
359 6.3532489678496277e-08
360 9.0660003047095472e-08
361 6.6617797660138343e-08
362 4.7357101802262234e-08
363 5.9785401528323819e-08
364 5.4167312454595679e-08
365 7.1106814261782298e-08
366 5.1222933173766463e-08
367 4.6991598844265107e-08
368 5.4439652105763682e-08
369 5.6808667981255825e-08
370 3.9209055044143160e-08
371 5.5412964022667895e-08
372 5.0817400151967100e-08
373 3.9704379780928188e-08
374 6.7393072366518181e-08
375 3.9364089703159828e-08
376 6.4266650352065555e-08
377 5.0731533021776715e-08
378 6.2681680028984841e-08
379 3.9227006291049818e-08
380 6.5823761658993791e-08
381 3.3259374921145538e-08
382 2.9864570679207601e-08
383 2.6592061986680464e-08
384 6.6608742051275591e-08
385 4.1430623562002699e-08
386 5.9796152147992522e-08
387 2.8265740887368421e-08
388 3.4169177270197885e-08
389 4.7318558959209861e-08
390 3.8035347326601966e-08
391 2.8480084761411503e-08
392 4.5054558491036666e-08
393 4.3741811143044560e-08
394 2.5066590692186421e-08
395 4.0955982355756459e-08
396 2.6648887092407578e-08
397 4.9253760206894006e-08
398 4.3474265389140248e-08
399 2.3006786600790504e-08
400 4.1803762381499912e-08
401 4.2924438463412535e-08
402 2.1721812545562606e-08
403 2.4587216484756294e-08
404 3.2041180545883942e-08
405 4.8329955625374072e-08
406 2.0923579192011577e-08
407 2.8231490043800673e-08
408 4.9770081423197213e-08
409 3.7498767705992650e-08
410 2.4444633636370348e-08
411 1.8424111870741246e-08
412 2.6536073017821623e-08
413 2.0236932665008875e-08
414 2.0467172261399525e-08
415 2.6703412794932999e-08
416 1.9004788456061133e-08
417 2.3260093566033219e-08
418 2.1749315876443886e-08
419 2.6064181955993514e-08
420 3.0904814635809782e-08
421 2.6655502970535788e-08
422 1.9500988322901129e-08
423 2.5094641256333146e-08
424 2.1198646034321123e-08
425 1.4658460503599036e-08
426 1.8308016513980237e-08
427 1.5540230249841039e-08
428 1.6962168054595327e-08
429 2.7709468064891727e-08
430 1.7022544321188895e-08
431 3.6975776613351864e-08
432 1.8351340933812306e-08
433 1.3717971738220502e-08
434 2.5143002064371982e-08
435 1.7081599608271149e-08
436 2.8794956614928886e-08
437 1.3278926571592329e-08
438 1.5346340625057987e-08
439 1.7668526961384366e-08
440 2.2387044999835475e-08
441 1.5657383536820807e-08
442 1.5434076745192693e-08
443 3.6688141888687909e-08
444 2.3338442970183573e-08
445 1.3333397970462263e-08
446 1.8104370361049855e-08
447 1.2975288545559490e-08
448 1.4795264977114989e-08
449 2.0649494082079571e-08
450 1.2044771606666789e-08
451 2.2181426855631234e-08
452 1.4119112359284552e-08
453 1.5525546710996647e-08
454 2.2522887838401519e-08
455 2.2778895505879659e-08
456 1.3572460817446677e-08
457 2.1615998119721820e-08
458 1.1563538864540572e-08
459 1.2145404805319091e-08
460 1.2047819801173985e-08
461 1.4978095020728826e-08
462 1.2142672404349109e-08
463 1.6869363787190619e-08
464 1.6352375967631950e-08
465 1.5948383777547537e-08
466 1.0202417239670235e-08
467 2.3348615001220640e-08
468 1.1776880619592926e-08
469 1.1628909593245004e-08
470 1.0578200172041785e-08
471 1.0996697487540467e-08
472 1.4688241546958393e-08
473 1.2336906108121549e-08
474 1.4268138496656837e-08
475 8.3738860944851897e-09
476 2.4996557388483230e-08
477 1.4453099290946330e-08
478 1.2117353386116381e-08
479 1.0788421169309287e-08
480 1.8831122986023130e-08
481 1.2153127198947463e-08
482 1.1104108470156534e-08
483 1.1148323094894183e-08
484 1.5412780094973910e-08
485 1.1661253267438949e-08
486 1.4166211442208201e-08
487 1.1499153990206271e-08
488 9.6197101651748406e-09
489 1.6953186054052222e-08
490 1.2232729723113651e-08
491 1.0229166219214809e-08
492 7.7049405683091666e-09
493 9.6555023425671138e-09
494 1.0972429443754844e-08
495 1.1763965302813664e-08
496 1.0746273443585740e-08
497 1.0031125598792044e-08
498 1.1891957875687408e-08
499 1.1434589869262024e-08
500 1.0720387618713551e-08
501 1.4659378612468303e-08
502 9.2967867587026741e-09
503 6.4410739379545521e-09
504 7.7762078960105341e-09
505 1.3431250123525437e-08
506 8.2773844338456502e-09
507 8.1223773279185312e-09
508 8.5304639635193050e-09
509 1.2754034841339459e-08
510 8.3956938512058808e-09
511 1.0810412900473539e-08
512 1.0699067204151327e-08
513 9.8359851382181727e-09
514 6.8345658159100872e-09
515 7.7959563359865224e-09
516 9.6499047107725334e-09
517 8.8839742633389305e-09
518 7.8493670033607215e-09
519 8.6543463840673703e-09
520 7.8744380875687300e-09
521 7.2361489700039848e-09
522 8.1364554743913308e-09
523 1.0097186201838889e-08
524 9.0109328971532303e-09
525 1.2203865128255391e-08
526 6.7212991816339745e-09
527 6.1584356264845956e-09
528 8.2951026105010699e-09
529 6.8017412384667710e-09
530 7.5502878506876002e-09
531 5.8407518805498855e-09
532 5.6199469089417989e-09
533 7.1054453588669868e-09
534 6.2420435668955656e-09
535 8.6540813773447377e-09
536 5.6233100503664994e-09
537 7.2124719622478634e-09
538 8.1138197015309139e-09
539 9.1973234486709963e-09
540 8.0765211987053247e-09
541 5.8235871288048547e-09
542 8.5570245737721423e-09
543 9.7119032428713783e-09
544 4.8253122773685920e-09
545 6.4627827223944906e-09
546 8.1487231755574946e-09
547 7.2598140864387085e-09
548 5.0955835926167854e-09
549 1.2087294232388977e-08
550 5.0655480936887347e-09
551 7.3887251596014097e-09
552 6.2629179753457022e-09
553 6.6037922588828774e-09
554 6.0295232820239395e-09
555 8.8519181324800714e-09
556 4.1012561134856028e-09
557 5.5007860075593476e-09
558 7.8478092254779575e-09
559 5.2077657468403388e-09
560 8.7465780370595327e-09
561 5.1624796857538547e-09
562 5.5736359679219927e-09
563 5.5066008854104202e-09
564 6.8019410042424949e-09
565 4.9203113879512065e-09
566 4.3732217316159804e-09
567 8.6250420062117323e-09
568 5.5714356169322016e-09
569 4.6979459929590397e-09
570 6.8325489034838209e-09
571 8.2950854462946485e-09
572 8.2913455139137740e-09
573 4.4239737096159840e-09
574 5.1533218071747916e-09
575 6.5234269880202422e-09
576 4.4608452381243256e-09
577 4.3945153440792083e-09
578 6.0290385963478492e-09
579 4.7540856707835845e-09
580 6.0961927431715354e-09
581 8.9081454650643125e-09
582 6.9259822599012465e-09
583 4.3330037214612243e-09
584 6.0405815991847456e-09
585 6.0498059219936379e-09
586 3.6906244526656321e-09
587 9.5032055290317053e-09
588 4.0163186918780617e-09
589 4.8861449872343927e-09
590 3.4187836229751975e-09
591 7.3045573203990236e-09
592 7.8011673695827890e-09
593 4.9418788102209000e-09
594 5.2672122691621790e-09
595 5.6761563676729843e-09
596 3.1249112274386100e-09
597 7.1995063163114695e-09
598 5.9100688818446827e-09
599 3.8206076472159232e-09
600 5.8710126371009050e-09
601 3.4630832349950378e-09
602 6.9845118155870607e-09
603 5.0478932157795437e-09
604 9.2118513865921143e-09
605 3.5192169477687498e-09
606 4.8328224792153681e-09
607 5.2295550505859937e-09
608 4.9395006391880979e-09
609 4.0533998133489572e-09
610 3.2036819796418961e-09
611 3.7535073079562609e-09
612 6.2461077048217216e-09
613 4.4711442245441549e-09
614 4.6024233569400749e-09
615 3.8046130962715834e-09
616 5.5439827036904516e-09
617 6.2113290700300718e-09
618 4.1301129318768864e-09
619 3.6063071472556307e-09
620 3.1326113034532135e-09
621 3.0918064100903689e-09
622 5.9593504829036026e-09
623 3.6831801312346999e-09
624 3.3913440046953282e-09
625 6.1977112745824546e-09
626 5.9459626318414587e-09
627 4.6394012042081076e-09
628 4.9519188384157202e-09
629 3.5298585870399120e-09
630 4.8649201923030160e-09
631 6.2199892375467408e-09
632 2.5820332799431522e-09
633 4.3708791706363582e-09
634 4.9150667675765750e-09
635 5.1134700146027679e-09
636 2.5004983511011615e-09
637 4.1756592637409889e-09
638 4.8218947988302943e-09
639 8.0813223893646542e-09
640 2.6989986222112316e-09
641 4.5038189745365009e-09
642 2.9623472910630118e-09
643 4.7984616461691852e-09
644 3.5801473413062390e-09
645 3.8333759991088165e-09
646 3.2768088667525076e-09
647 3.8669588872902832e-09
648 3.0784629287537115e-09
649 5.9355432759343549e-09
650 3.2860390353323507e-09
651 6.2825518938644459e-09
652 3.9484062633112333e-09
653 3.1234124535636678e-09
654 4.7036359275275319e-09
655 4.9143824564022403e-09
656 3.8675505360732763e-09
657 4.5184456385868474e-09
658 5.7117882189642178e-09
659 3.9671945878662167e-09
660 3.1091644356677581e-09
661 3.7258758886288415e-09
662 5.5626013173560693e-09
663 5.7737658034624489e-09
664 2.7970377924528453e-09
665 2.6029642482996955e-09
666 4.0987083049777195e-09
667 3.5720393576766573e-09
668 2.3041167278432624e-09
669 3.7488361919762307e-09
670 2.7000199005390471e-09
671 5.5348153297424538e-09
672 2.5143317155738762e-09
673 5.3565320563102897e-09
674 4.7010045901228125e-09
675 3.9357025633114726e-09
676 2.9538834949155512e-09
677 2.6155704703311768e-09
678 3.8427629911153893e-09
679 3.5025914339444657e-09
680 4.3586089556050815e-09
681 4.4365004928307850e-09
682 2.0851553083747525e-09
683 3.7767414917033983e-09
684 7.3191409695780940e-09
685 3.0711231927628994e-09
686 3.9834241776927467e-09
687 3.8386266920132682e-09
688 3.1847219386814097e-09
689 5.0559007804288932e-09
690 3.8622316089070679e-09
691 2.7117923200030860e-09
692 3.1358083576086642e-09
693 2.8827236958503849e-09
694 2.1128357128087993e-09
695 5.2733975279792904e-09
696 3.4444463866700329e-09
697 2.5891297615086839e-09
698 2.0548192860557329e-09
699 3.4736250849446571e-09
700 2.2352948271805663e-09
701 4.4073416315264181e-09
702 3.4130150824211757e-09
703 3.3072515365092994e-09
704 1.6346715268568695e-09
705 2.3972588620729232e-09
706 2.3563591118678180e-09
707 3.1225355454558958e-09
708 3.0254375607023464e-09
709 2.9216866084888821e-09
710 2.3250596883911717e-09
711 2.9611739221083301e-09
712 2.3540767942544014e-09
713 1.9258710020187483e-09
714 2.9538493821713043e-09
715 3.2002739925649650e-09
716 2.2029206005672476e-09
717 3.5313172354440566e-09
718 2.9267886262057981e-09
719 1.7625390796052142e-09
720 2.8119526013580279e-09
721 2.9744479416543713e-09
722 2.5144855734513528e-09
723 2.3884709159591790e-09
724 1.6391398117548215e-09
725 2.8355897172647008e-09
726 2.1964845052056801e-09
727 1.3410488690114631e-09
728 2.3844658804245397e-09
729 2.7490498986347360e-09
730 1.6738880906965389e-09
731 2.1905993526551866e-09
732 2.8901571373908316e-09
733 1.8339383685189027e-09
734 1.4728645567488086e-09
735 1.4328824208022506e-09
736 1.4842166260785805e-09
737 3.0063825834972448e-09
738 2.0823144478692309e-09
739 1.5498103188856562e-09
740 1.6440677945838945e-09
741 2.3447443038979249e-09
742 1.8087909599995554e-09
743 2.7015692792174986e-09
744 1.3165485759877661e-09
745 1.8230878041148971e-09
746 2.0305871247736024e-09
747 2.0205313162777095e-09
748 1.5868682875592563e-09
749 1.8061714583783050e-09
750 1.2804072642194823e-09
751 1.1278240648314956e-09
752 2.4105450677064295e-09
753 1.2608538052804303e-09
754 2.3789964126089046e-09
755 1.2303545651952454e-09
756 1.1346897427355614e-09
757 1.5939256706465664e-09
758 1.2676803208359223e-09
759 1.7233061534241432e-09
760 1.0261035025820206e-09
761 2.5449169349459678e-09
762 1.0700963442094685e-09
763 9.9524938402334568e-10
764 1.9024525755105452e-09
765 1.4140894168184846e-09
766 1.3534554299881040e-09
767 1.6833887756120871e-09
768 9.8194376770481747e-10
769 1.2275938224029998e-09
770 1.2878245777100596e-09
771 8.3305734124754724e-10
772 1.2261689920917307e-09
773 1.6351617137424895e-09
774 8.0979813277039877e-10
775 1.1960771365212685e-09
776 9.6852845254056271e-10
777 1.7916427773639359e-09
778 1.4664034017638490e-09
779 7.5162053347393432e-10
780 8.0530270356674886e-10
781 8.6690241798262043e-10
782 1.3587613976473323e-09
783 6.5329619336702048e-10
784 7.8971810854749969e-10
785 1.7277616578881088e-09
786 7.1585038028929226e-10
787 1.3754713814071498e-09
788 1.2276118256198654e-09
789 6.1449202441032501e-10
790 1.3880051365190400e-09
791 7.2671145815983794e-10
792 7.4970238070567777e-10
793 8.3860794884496369e-10
794 1.0134633479956934e-09
795 1.0851478076736950e-09
796 8.7304387870222500e-10
797 6.0896027102101653e-10
798 7.5845006190859701e-10
799 1.4457941129247108e-09
800 5.9170513751577528e-10
801 5.9035745115438000e-10
802 8.9043429362898908e-10
803 6.7914349995656596e-10
804 7.1802169453958018e-10
805 1.0987390018059199e-09
806 7.1950887581244458e-10
807 4.1361130196254870e-10
808 9.0250121602773280e-10
809 6.1727160788702391e-10
810 8.5547455006033502e-10
811 5.7078166786836617e-10
812 5.3605805989764720e-10
813 5.9429733065410310e-10
814 4.6555805301752173e-10
815 6.5284872211143689e-10
816 5.8465478369057573e-10
817 4.8781438257501393e-10
818 5.7231783053181095e-10
819 9.9821061874133849e-10
820 4.9412873585511944e-10
821 5.3126179953841909e-10
822 5.7925205252232574e-10
823 9.9280458352058890e-10
824 4.2734448602429400e-10
825 5.2966802970226648e-10
826 7.1074486769221060e-10
827 3.7797587708950424e-10
828 6.1683383969830177e-10
829 7.6279542005200904e-10
830 4.0749398963788674e-10
831 5.8645323407577902e-10
832 4.4893791370528038e-10
833 6.1783582573169483e-10
834 7.4157625609658042e-10
835 5.2622030060658743e-10
836 6.6334737063454117e-10
837 4.3657199053222920e-10
838 3.4636395566072791e-10
839 7.1259698458528681e-10
840 6.4386714503237406e-10
841 2.5887931332670300e-10
842 4.3490630563787018e-10
843 3.9194970216169424e-10
844 2.8999364217675414e-10
845 5.2931963605442224e-10
846 4.7532199843631802e-10
847 4.1471125694730121e-10
848 6.0381557812267549e-10
849 3.3790226102031025e-10
850 3.5892266095594213e-10
851 3.5112413329236337e-10
852 6.2441800279376352e-10
853 3.3239851597917889e-10
854 4.3582451061721284e-10
855 3.1008889255515939e-10
856 2.5210960533786251e-10
857 7.1101633929511641e-10
858 4.0807550717110595e-10
859 4.8121691722358497e-10
860 2.4544774519464377e-10
861 2.7381591438844572e-10
862 4.5807428190830489e-10
863 3.1333702163025949e-10
864 3.3652096419324031e-10
865 2.4716068161954895e-10
866 3.2810686012440159e-10
867 2.4124830381650712e-10
868 5.0745340842931857e-10
869 4.1797646214092193e-10
870 1.9686056266055636e-10
871 2.7444646551563688e-10
872 2.7418694851569850e-10
873 4.0692547734735031e-10
874 3.4808993656425551e-10
875 2.2519661160999914e-10
876 2.1209701386597631e-10
877 3.9525136384921406e-10
878 2.0764144983478547e-10
879 2.1782221687117364e-10
880 3.6538893554155978e-10
881 2.2217668441824328e-10
882 3.4121341904998104e-10
883 2.1902688531962377e-10
884 2.0093942647467622e-10
885 1.8399400237093420e-10
886 1.8665499279556960e-10
887 2.2219454792889193e-10
888 3.2626334664823371e-10
889 2.1422855578290486e-10
890 2.4051904776153927e-10
891 2.9415684405673333e-10
892 2.0760698134661905e-10
893 2.5274508430968620e-10
894 2.4026593880967458e-10
895 2.2240542423965026e-10
896 1.8750051086015934e-10
897 3.2021499111783769e-10
898 1.5092666649216685e-10
899 1.5868160884690999e-10
900 2.5770221914581082e-10
901 1.6473586913296153e-10
902 2.0675640092165734e-10
903 2.3107741611269173e-10
904 2.7151791228101832e-10
905 1.1358787294786527e-10
906 1.7857659044666288e-10
907 1.5191670669120724e-10
908 2.1436565132200382e-10
909 1.2629749174901173e-10
910 1.6083372727456894e-10
911 2.1951411741660284e-10
912 1.3412290865745548e-10
913 1.2979650525526708e-10
914 2.0935405589200474e-10
915 1.2033138612592607e-10
916 1.8224700783848970e-10
917 1.6330470355971580e-10
918 1.4492239462990946e-10
919 1.5404571586279287e-10
920 9.9790468359978531e-11
921 1.6147720744764628e-10
922 1.5360960856651189e-10
923 1.4788807141296379e-10
924 1.8125844234364034e-10
925 1.7010956398180304e-10
926 9.4375884153743411e-11
927 1.3328179581561465e-10
928 1.3400058315194859e-10
929 8.5498737467603833e-11
930 1.6430653452259268e-10
931 9.6704168823868777e-11
932 8.9629255248233058e-11
933 1.8706022943667901e-10
934 1.1197903037234110e-10
935 8.2938411556019014e-11
936 1.7744959977928962e-10
937 8.6955664520344227e-11
938 1.6858374596764385e-10
939 2.0986160925885330e-10
940 6.5410041641240984e-11
941 1.4580526102917583e-10
942 8.7104800691292138e-11
943 1.0689923724740329e-10
944 1.4667346787024952e-10
945 6.5041000596134926e-11
946 7.8243363473070953e-11
947 1.1527907701843778e-10
948 1.2177979358881182e-10
949 1.0367896203324199e-10
950 7.2577825587069805e-11
951 8.1481346023835327e-11
952 1.8651713536735013e-10
953 5.5968872189013138e-11
954 1.0543220463834156e-10
955 9.3823704499331685e-11
956 9.8367869663795287e-11
957 6.6251002593788501e-11
958 8.0568016041405732e-11
959 8.5259308332729510e-11
960 8.3370764292569770e-11
961 1.0305219638487125e-10
962 7.0719404045105765e-11
963 9.1776718299617171e-11
964 6.6250218541955063e-11
965 8.0964812620500512e-11
966 6.6972945851503487e-11
967 7.4380277559701982e-11
968 8.3089964715875047e-11
969 6.6200691004112386e-11
970 4.6272040875417747e-11
971 6.5409763495167371e-11
972 1.1386892920214654e-10
973 5.5840081868601998e-11
974 6.0753549055314909e-11
975 7.1477319801716987e-11
976 6.5068370107816405e-11
977 4.7428463749439441e-11
978 7.7621397270183242e-11
979 5.3725172056842317e-11
980 8.7292335229636984e-11
981 5.7337047321631449e-11
982 5.3994246543864016e-11
983 7.8391244159510751e-11
984 5.5683193727505106e-11
985 6.1359955900548601e-11
986 8.6162275943017038e-11
987 4.8461486955718067e-11
988 6.8210488812134210e-11
989 4.7889296659737507e-11
990 4.3951259599723525e-11
991 5.5055242997661937e-11
992 5.0504276465010179e-11
993 3.4090179210343585e-11
994 6.3082483960018215e-11
995 5.8682593591118648e-11
996 5.3150505519805692e-11
997 4.2254761506863520e-11
998 5.9612833110146997e-11
999 4.7803270041015944e-11
1000 4.0919882738417324e-11
