0 1.6271140095271749e-01
1 1.7718270145112891e-04
2 1.3273091258192617e-05
3 3.2215354813823522e-06
4 9.4304963777314930e-07
5 3.4127904982601604e-07
6 1.7912607455965578e-07
7 1.0872114729281143e-07
8 6.7177208759856945e-08
9 4.5744389218852182e-08
10 2.7704640900643505e-08
11 1.7038465222872033e-08
12 9.8956410116974649e-09
13 7.3818343086049867e-09
14 5.7728234361841240e-09
15 4.2803322044424042e-09
16 3.0120964148761461e-09
17 2.5048842613032471e-09
18 1.7957250923349619e-09
19 1.2108365468796881e-09
20 7.8613416549054612e-10
21 5.4368866751995648e-10
22 5.1446941568512688e-10
23 3.7475807588426565e-10
24 3.4793818414233387e-10
25 3.4549980630764486e-10
26 1.1438463333137752e-09
27 1.8480790225630212e-10
28 6.0431511916574049e-10
29 1.3620920497062081e-10
30 7.9979032728506885e-10
31 2.8146738155173223e-10
32 9.5822487552591927e-11
33 8.5507608435522612e-11
34 6.7146497041950965e-11
35 5.6579785018598179e-11
36 2.3053762852271966e-10
37 3.8180194943853184e-11
38 3.6343527413487743e-11
39 3.9478056846349539e-11
40 2.5488028273729351e-11
41 2.5328010405592746e-11
42 2.4909193554093335e-11
43 1.7867327844238011e-11
44 3.3556352259221847e-11
45 1.3230193806161250e-11
