0 1.6271140095320063e-03
1 1.7663954643187180e-02
2 1.4056685827540931e-03
3 3.3947000477925623e-04
4 9.6458540270461782e-05
5 3.1201311556512124e-05
6 1.1894168145478809e-05
7 6.5942819518161653e-06
8 4.9789449825546268e-06
9 3.8637504956034405e-06
10 2.5954023585964751e-06
11 2.4715536037804194e-06
12 9.2512784564240720e-07
13 5.5392301896205045e-07
14 3.9217627004428281e-07
15 2.8278317063315502e-07
16 1.1374544217609793e-07
17 6.7091843102743352e-08
18 5.3995520162622446e-08
19 5.5871785532488738e-08
20 3.4618088396238480e-08
21 9.9781831880242736e-08
22 2.5387671629396814e-08
23 2.2089706536071257e-08
24 2.0090926973253850e-08
25 2.3701012572214135e-08
26 1.6199658219221781e-08
27 1.5999416745933884e-08
28 1.1815059369699876e-08
29 1.1698773451628233e-08
30 9.2862064371747053e-09
31 9.6901110905938481e-09
32 6.8095127221364008e-09
33 5.3756606614867178e-09
34 1.3251109173261877e-08
35 4.1008449648521602e-09
36 3.9647879449323984e-09
37 3.1658595531244460e-09
38 2.3134281217962787e-08
39 2.5465305543741096e-09
40 2.2253338274535486e-09
41 2.0284816854392784e-09
42 1.8836727835519822e-09
43 1.6120137800431135e-09
44 1.4691118729614786e-09
45 1.0715593982432048e-09
46 8.1753607395260689e-10
47 7.5023039374103535e-10
48 6.9513110872756796e-10
49 6.4057552081571917e-10
50 5.6389708191602689e-10
51 5.4207880338171109e-10
52 3.8729707275271958e-10
53 4.6981181059838727e-10
54 3.9751819989922927e-10
55 3.1928568590535016e-10
56 2.8866071986575532e-10
57 2.7483395774841037e-10
58 2.5045328418064343e-10
59 2.4560302294507454e-10
60 2.6149960465027080e-10
61 2.1924648347897693e-10
62 1.9938194818041978e-10
63 1.9845867656199772e-10
64 1.8197597629068138e-10
65 2.1942536535094178e-10
66 1.5014666406767969e-10
67 2.4167169074314499e-10
68 1.2777860539761935e-10
69 1.2454253470288118e-10
70 1.2303759235668088e-10
71 1.1890683774636120e-10
72 1.1910133633258580e-10
73 1.1379566560415547e-10
74 1.1084727610073214e-10
75 1.0981051545945339e-10
76 1.0669491137255450e-10
77 1.0716091285026816e-10
78 7.4645248334304546e-11
79 6.7385888554179762e-11
80 6.7448716083049430e-11
81 6.6749161674525402e-11
82 6.4899446997643790e-11
83 6.5104124719603941e-11
84 6.4646024286105460e-11
85 6.1244911544195583e-11
86 5.8897334133090670e-11
87 5.8519501319995335e-11
88 5.8344333503810226e-11
89 5.8509319984361254e-11
90 5.7956038260657445e-11
91 5.7851321323809001e-11
92 5.9132148043043396e-11
93 5.8764960057739371e-11
94 5.8650647720004738e-11
95 6.9658365567025629e-11
96 5.7242167032641657e-11
97 6.4545234384302659e-11
98 6.2029417873619060e-11
99 6.1849157936053630e-11
100 6.4967131836398352e-11
101 6.8776289073012548e-11
102 7.1401050160465897e-11
103 7.1507582507364768e-11
104 7.1475736075387369e-11
105 7.1193330715416115e-11
106 8.0569638683082529e-11
107 8.7715069079735867e-11
108 1.0784178940936312e-10
109 1.6430727635269469e-10
110 1.2735216780233831e-10
111 1.3604551794443918e-10
112 1.1431441228943655e-10
113 9.0507455070193568e-11
114 1.1003199131059360e-10
115 1.3596147230365804e-10
116 9.7707632441315366e-11
117 1.0783600107999679e-10
118 1.1127388519230022e-10
119 1.0869128787873086e-10
120 4.0895038575884442e-11
121 2.6380680618999026e-11
122 2.7032071050302432e-11
123 2.2578100685658769e-11
124 1.9663534376713617e-11
125 1.6880020405278336e-11
126 1.6296580687220404e-11
127 1.9074245101658549e-11
128 1.4489586629438029e-11
129 1.4436000865914436e-11
130 1.4429989705144192e-11
131 1.5010598771989934e-11
132 1.3939544604513393e-11
133 1.3933638749646118e-11
134 1.3900688545039401e-11
135 1.3937719645501946e-11
136 9.7624255245881891e-12
137 1.4171844764557529e-11
138 9.0607179859421655e-12
139 9.0265609544528930e-12
140 8.9725819583697867e-12
141 9.0370989489776946e-12
142 8.9980050712059915e-12
143 8.8123639770169492e-12
144 8.9202086146265525e-12
145 8.7660237811955961e-12
146 8.7174890426541997e-12
147 8.9256843506532450e-12
148 8.6490365613382423e-12
149 8.6129979634462120e-12
150 8.6097655171519909e-12
151 8.5017771059115816e-12
152 8.5227935379117783e-12
153 8.3985209542514666e-12
154 8.3831307675878329e-12
155 8.4858365021237880e-12
156 8.4877345167793365e-12
157 8.4514497287249572e-12
158 8.4084716501687446e-12
159 8.4003611396899997e-12
160 8.5534445063713669e-12
161 8.4006157626674097e-12
162 8.3876913149137996e-12
163 8.4662079921846855e-12
164 8.4345214516688412e-12
165 8.4134164305236636e-12
166 8.5814954510405705e-12
167 8.5487866727268678e-12
168 8.6616276878626076e-12
169 8.6951703762583641e-12
170 9.1386244782925539e-12
171 8.8682721447154437e-12
172 9.2257484290300440e-12
173 9.1551866211094658e-12
174 9.8906422980311341e-12
175 1.0514668662231028e-11
176 8.2578813785512844e-11
177 1.2189538799416623e-11
178 1.2054331229187938e-11
179 2.1855055057114205e-11
180 2.4165841645280638e-11
181 1.2078076730718308e-11
182 2.1913142924786296e-11
183 8.7605530019153755e-12
184 8.2878282883241159e-12
185 8.4649970439160671e-12
186 6.0211932924514676e-12
187 6.0837450910485190e-12
188 7.1528583251768306e-12
189 8.3655520217640464e-12
190 4.4511702835359907e-11
191 1.1854394856200695e-11
192 4.5748755205516660e-12
193 5.0689153324191993e-12
194 4.8307337523508704e-12
195 5.8817388890408423e-10
196 4.1176720042359827e-12
197 4.9240617284343639e-12
198 8.6225617285792668e-12
199 9.6475051337187474e-12
200 7.7497666406237188e-12
201 4.6927029759516682e-12
202 4.2937433778806821e-12
203 4.2992998717219660e-12
204 4.2660709113301557e-12
205 4.2549170828247422e-12
206 4.3403587961584383e-12
207 4.8127590929328286e-12
208 4.6231421214140901e-12
209 4.7097841125237694e-12
210 4.6512916503160830e-12
211 4.6342777962695377e-12
212 4.6247595738440833e-12
213 4.6214432108378072e-12
214 4.6856881671031670e-12
215 7.8699168980221610e-12
216 4.5381358530686473e-12
217 4.2573848113931262e-12
218 2.2788165242015150e-11
219 4.1503408083873161e-12
220 4.1497062462107470e-12
221 4.1470386808075015e-12
222 4.1200647247580194e-12
223 4.0899255504261115e-12
224 4.0846174161709392e-12
225 4.0827748106899543e-12
226 4.0830244882630768e-12
227 4.0872328800476558e-12
228 4.0829785928246372e-12
229 4.0794041025868051e-12
230 4.0910952574414164e-12
231 4.0923571974244311e-12
232 4.1135000616517382e-12
233 4.0944573835721664e-12
234 4.0544036036279308e-12
235 4.0524627258602232e-12
236 4.0625742388405990e-12
237 3.9304205909657669e-12
238 4.0249868464908890e-12
239 4.0223593657546769e-12
240 4.0231635952843904e-12
241 4.0228698785335808e-12
242 4.0208465688398263e-12
243 4.0100334837868577e-12
244 3.8924432925511511e-12
245 3.7772018870917641e-12
246 3.7740326714802328e-12
247 3.6278674786161195e-12
248 3.6609147095631141e-12
249 3.6597539124804270e-12
250 3.5537019460496972e-12
251 3.3522486349078030e-12
252 1.9038766955038972e-12
253 8.2807769936853457e-12
254 3.0163400750532664e-12
255 1.0132551182765951e-11
256 7.7477325207222140e-12
257 8.7777772948574786e-12
258 6.0755932262457605e-12
259 6.1608982288958126e-12
260 6.2909633372296428e-12
261 6.3873229046385429e-12
262 6.4443474036108338e-12
263 4.5751425087287774e-12
264 5.8134218045220614e-12
265 5.7507632504742805e-12
266 5.7739063708151474e-12
267 5.3251900346919596e-12
268 4.6644804021514279e-12
269 3.4449344923094839e-12
270 2.8145683398208031e-12
271 2.5346425647045765e-12
272 2.2101376395965482e-12
273 2.1092231822200351e-12
274 1.9815676812334856e-12
275 3.0469495181920772e-12
276 1.8645110372636048e-12
277 1.8285010145043308e-12
278 1.6933689891621172e-12
279 1.6636201620363722e-12
280 1.6651018913178633e-12
281 1.7081848164280350e-12
282 1.6265202643224434e-12
283 1.6180919983521102e-12
284 1.6221198489144451e-12
285 1.6244716441094197e-12
286 1.6284924173829908e-12
287 1.6733824534584507e-12
288 1.6731558535830337e-12
289 2.6399344529765147e-12
290 2.1535638900065089e-12
291 1.5077312961150182e-12
292 1.6593309252132952e-12
293 1.5017439250790978e-12
294 1.7694998088568251e-12
295 1.8887711531813654e-12
296 1.5855285218063178e-12
297 1.6300538755607547e-12
298 2.2658577243481878e-12
299 1.6049796441370635e-12
300 1.8551509937451058e-12
301 1.5490562069137322e-12
302 1.5316221167824725e-12
303 1.5296081062801270e-12
304 1.5267277088429121e-12
305 1.5618768184057168e-12
306 1.5462397375265073e-12
307 1.4992123345799613e-12
308 1.4932600514860947e-12
309 1.4923940695049138e-12
310 1.4915611629513987e-12
311 1.5073050030322940e-12
312 1.5325668105916468e-12
313 1.4669071875986276e-12
314 1.4314691267958483e-12
315 1.4313070556607132e-12
316 1.4301673605302104e-12
317 1.4288692615314433e-12
318 1.4284364797109157e-12
319 3.8679195909603535e-12
320 1.4253658573129417e-12
321 1.5135904354515370e-12
322 1.4610891200629948e-12
323 1.4014335917739090e-12
324 1.4240600654596188e-12
325 1.3535475399027256e-12
326 1.3190729910566681e-12
327 1.3165922153929947e-12
328 1.3308546156931857e-12
329 1.3258368555782259e-12
330 1.3197412105148955e-12
331 1.3235442562649964e-12
332 1.3220480395131335e-12
333 1.3461617981259504e-12
334 1.4805154947700854e-12
335 5.4203401292602503e-13
336 8.3718929690465116e-13
337 8.2789413359255962e-13
338 8.2735521284451839e-13
339 8.2835698546958552e-13
340 7.4542620216582179e-13
341 1.4061765982795694e-11
342 1.8009775575772027e-12
343 2.3152811087855063e-12
344 9.2827142983997660e-13
345 7.5926059677583577e-12
346 1.8936781682660961e-11
347 2.7517847114239064e-12
348 4.9621696277459644e-13
349 1.7224435763715548e-12
350 1.2749973609251475e-12
351 7.1338706592157704e-13
352 1.2550868374529531e-12
353 1.2959118326000290e-12
354 1.3054968841445052e-12
355 4.3104444156145273e-12
356 1.1739019055478129e-12
357 8.4447472768798917e-13
358 8.5691859507857035e-13
359 8.3350504313992655e-13
360 8.1539121959528793e-13
361 7.8603701572770100e-13
362 7.1550903240130727e-13
363 7.2984259299364625e-13
364 6.2743573840870341e-13
365 7.5296736534280839e-13
366 8.5302644617442469e-13
367 9.6752198444185293e-13
368 9.4647295764521034e-13
369 1.0600093779859246e-12
370 8.9506414925767345e-13
371 8.9894759030629630e-13
372 9.2916200913118983e-13
373 2.0363516357333902e-12
374 6.1502774123222889e-13
375 2.2100887852163244e-12
376 8.7528741562168556e-12
377 1.0141340246166781e-12
378 1.3694499993559349e-12
379 1.2307342881726974e-12
380 1.2018271897269339e-12
381 1.2853141305285265e-12
382 1.3443846135110037e-12
383 1.3401473533217196e-12
384 1.3402175046140188e-12
385 1.3371343168412782e-12
386 1.3412845729598411e-12
387 1.3420690953332906e-12
388 1.3378894383389606e-12
389 1.3434522564629075e-12
390 1.3370440497481280e-12
391 1.3407045555273569e-12
392 1.3277231257502608e-12
393 1.3233430902492392e-12
394 1.3386212690797079e-12
395 1.3112691578525809e-12
396 1.1549327221639967e-12
397 1.0410692818654098e-12
398 5.1527024860497396e-13
399 6.6156946025748586e-13
400 3.9397671468129756e-13
401 4.0643152642591517e-13
402 4.0440703172796630e-13
403 4.2077096679757707e-13
404 9.6836519439138960e-13
405 6.0319063378897620e-13
406 4.4316322748848381e-13
407 4.5007362613386372e-13
408 4.5408355113916210e-13
409 4.3692446890385481e-13
410 5.5890317885909673e-13
411 3.8701730674833958e-13
412 7.2852351260744111e-13
413 2.0053144454381290e-12
414 4.3546560446029574e-13
415 4.1142565873602732e-13
416 3.9312257063272357e-13
417 4.8423153094737672e-13
418 4.8064758853248468e-13
419 4.8099641531051841e-13
420 4.7004317443211506e-13
421 4.6784034199301542e-13
422 4.6685808980620802e-13
423 4.6649899917884635e-13
424 4.6658189325456112e-13
425 4.5664802484230572e-13
426 4.4771945883116962e-13
427 4.4740829975725151e-13
428 4.5043549982604213e-13
429 4.7152060504627817e-13
430 4.6951455480871805e-13
431 3.9557829505530771e-13
432 3.8101448896255183e-13
433 3.8071130378273106e-13
434 3.8225987125747974e-13
435 3.8169018653608500e-13
436 3.8139555438845561e-13
437 3.8135491543965509e-13
438 3.8131146100458357e-13
439 3.8109770670009177e-13
440 3.7870762174510902e-13
441 3.8350206191036417e-13
442 3.8204718805943886e-13
443 3.8179645343969676e-13
444 3.8175078457128345e-13
445 3.8160883275123457e-13
446 3.8103712998245095e-13
447 3.8110661602149709e-13
448 3.8138300127423811e-13
449 3.8148571709098111e-13
450 3.8148862862454251e-13
451 3.8149454695496750e-13
452 3.8161869499625947e-13
453 3.8795286924524402e-13
454 3.8760823984409692e-13
455 3.8902184777868043e-13
456 3.9119241837926991e-13
457 3.8220554434194087e-13
458 4.3590130445174720e-13
459 1.0851882938823945e-12
460 3.8841927569974185e-13
461 3.9875932933653225e-13
462 3.8670913207850966e-13
463 3.8400318258341757e-13
464 3.8844609143140380e-13
465 3.8637715886199827e-13
466 3.7860552182325040e-13
467 3.7850436409071759e-13
468 5.8513159058821415e-13
469 3.7810725173370227e-13
470 3.7639070920494883e-13
471 3.7640636796013590e-13
472 3.7635217181802172e-13
473 3.7625344782869503e-13
474 3.7629873092862362e-13
475 3.7616282019733928e-13
476 3.8759766440024763e-13
477 3.7371762424189259e-13
478 3.7362388853877981e-13
479 3.7343029348595240e-13
480 3.7470494110675373e-13
481 3.7136606320919667e-13
482 5.3031412214220968e-13
483 3.7948792383831262e-13
484 3.7476185380271156e-13
485 5.7635736839073005e-13
486 3.8119199562941070e-13
487 3.8468446884556742e-13
488 3.7459109225877349e-13
489 3.7231760410713531e-13
490 3.2909088847804194e-13
491 2.9221397628750889e-13
492 2.9221651332295343e-13
493 2.9185908787776487e-13
494 3.7301750822085453e-13
495 2.9172724082250536e-13
496 2.9268443953917076e-13
497 3.7370581545386170e-13
498 3.0158793311509760e-13
499 2.8852626491797075e-13
500 2.8519386087969674e-13
501 2.7825440345446453e-13
502 2.7810671412399140e-13
503 2.7804880593730854e-13
504 2.7795315719767574e-13
505 2.7793036366915019e-13
506 2.7758110104545890e-13
507 2.8383255282809772e-13
508 2.4602352414453471e-13
509 2.4456836974622702e-13
510 2.5202371202587515e-13
511 2.5721290322126838e-13
512 2.5670815014845702e-13
513 2.5890014917173894e-13
514 2.5803856732198376e-13
515 2.5779584674427683e-13
516 2.5776457758518404e-13
517 2.5779336614085362e-13
518 2.5751955608119724e-13
519 2.5750465466396062e-13
520 2.5744567006232618e-13
521 2.5778962611870745e-13
522 2.6108361471496607e-13
523 2.7391474805610285e-13
524 2.7605941595580293e-13
525 2.6902988735657050e-13
526 2.6854328917304798e-13
527 2.7128962984312450e-13
528 2.5431450569867310e-13
529 2.4854122573745249e-13
530 2.4579390370037847e-13
531 2.4523748070049790e-13
532 2.4511656459252643e-13
533 2.4493036151663584e-13
534 2.4502497779123378e-13
535 2.4483584119113941e-13
536 2.4479606616000968e-13
537 2.4858955897484547e-13
538 2.5060690789702268e-13
539 2.5421469507879529e-13
540 2.5408118152291456e-13
541 2.5209267142188851e-13
542 1.1252437137784237e-13
