0 1.6271140087690448e-05
1 1.9124524409754007e+00
2 1.7144415835823859e-01
3 4.6063199281113902e-02
4 1.6298739948697034e-02
5 4.8794148786372137e-03
6 2.0433543683654356e-03
7 1.0939203803534939e-03
8 7.2339813497170416e-04
9 4.9859571927740435e-04
10 2.4852745029145735e-04
11 1.6716960423041687e-04
12 9.7269937997323700e-05
13 6.4702987971851050e-05
14 4.1745264732936054e-05
15 2.9958954572922223e-05
16 1.5885106485320254e-05
17 1.0119478622375751e-05
18 6.7916460642432930e-06
19 4.7614784436996830e-06
20 4.3500643314962482e-06
21 4.5014405904277862e-06
22 2.4071715287226708e-06
23 1.8089102636920374e-06
24 1.7100441440730462e-06
25 1.3405476450317953e-06
26 1.3915735249023459e-06
27 1.0604895140977596e-06
28 8.8423410968862593e-07
29 8.7258540869626778e-07
30 8.0198994226420053e-07
31 6.9352946682818282e-07
32 5.8808959321532443e-07
33 3.8431995108027932e-07
34 3.9002579230879337e-07
35 2.7706004334087546e-07
36 2.3315279260528809e-07
37 1.8653057450667831e-07
38 1.9580089815451892e-07
39 1.7964740033301208e-07
40 1.6371789702370833e-07
41 1.4514621687525551e-07
42 1.2841035513927674e-07
43 1.1963772646317206e-07
44 1.0489196557840410e-07
45 9.2327193344244608e-08
46 8.3342428071446353e-08
47 6.0618127529425812e-08
48 7.3469033402973021e-08
49 6.8356543940872833e-08
50 5.5949855241007249e-08
51 4.8369185221191468e-08
52 4.3101074907569036e-08
53 4.0798579174036202e-08
54 3.6939309623317643e-08
55 3.5449276715274409e-08
56 3.2223954492514053e-08
57 3.1299570252410178e-08
58 2.8115994969524046e-08
59 2.7773982216445137e-08
60 2.5284004928920888e-08
61 2.3786334277644618e-08
62 2.2368541171407297e-08
63 2.3109609826212514e-08
64 2.0336513098321843e-08
65 2.0284366404922971e-08
66 1.8056045757242009e-08
67 1.8021096653301418e-08
68 1.8277381415843703e-08
69 1.7183465995405857e-08
70 1.6940610306478378e-08
71 1.7061925610666173e-08
72 1.6822799477281569e-08
73 1.5594728654360627e-08
74 1.3786369762890160e-08
75 1.3516652179089178e-08
76 1.3112340664080595e-08
77 1.2865056274660805e-08
78 1.6804604246003617e-08
79 9.9088416577453185e-09
80 9.0081885108975496e-09
81 8.3330248815341529e-09
82 8.0170691782988757e-09
83 9.9107199612201701e-09
84 9.8175441311167985e-09
85 9.7696952922865487e-09
86 9.5599043870064106e-09
87 9.5356576817106250e-09
88 8.9929074377408319e-09
89 9.1333280310801073e-09
90 8.9830038680736967e-09
91 8.8944129873851063e-09
92 8.7447668653535119e-09
93 8.7212594809263160e-09
94 8.3681549649406601e-09
95 2.0086096631420598e-08
96 8.0169494963742328e-09
97 7.9476004515152876e-09
98 7.9390504730919209e-09
99 7.9644000348785564e-09
100 7.9199757419110360e-09
101 8.1345057387418900e-09
102 7.8921663035173694e-09
103 7.7740475404915639e-09
104 7.7761906635209322e-09
105 7.8502294514824503e-09
106 8.5075330195954910e-09
107 8.7231940335488942e-09
108 8.7863382450812196e-09
109 8.9835853144642586e-09
110 9.2003096521125150e-09
111 8.7117969422982366e-09
112 8.6358636692970276e-09
113 7.6644123933776242e-09
114 7.7141853618944626e-09
115 2.6784150575681178e-09
116 2.6835264467037442e-09
117 2.5039202843702907e-09
118 2.5703727471739818e-08
119 1.0931589574199358e-08
120 1.0485590882504581e-08
121 3.6883351359515580e-08
122 9.4107217020018171e-08
123 1.7550633638359073e-08
124 1.0816733363152367e-08
125 9.6434897752418900e-09
126 3.3258599354128034e-09
127 3.2278343853610164e-09
128 3.4978319733149664e-09
129 3.4087949838299157e-09
130 3.7329056804569175e-09
131 2.0189683488880281e-09
132 1.5446882078134724e-09
133 1.6962817659621047e-09
134 1.3801648895681073e-09
135 1.3785179173097183e-09
136 1.3766048191808269e-09
137 1.3872317993842798e-09
138 1.4725513934258800e-09
139 1.4217346208033143e-09
140 1.4138188053585252e-09
141 1.3791032378762325e-09
142 1.3728087598029494e-09
143 1.3716244163686929e-09
144 1.3710766188015638e-09
145 1.3633850849408385e-09
146 1.3668252341341244e-09
147 1.3775917843613613e-09
148 1.3767490328890644e-09
149 1.3687017123669709e-09
150 1.4422230836037621e-09
151 1.3129619633311465e-09
152 1.2250015407818234e-09
153 1.1874592230848350e-09
154 1.0735962469980345e-09
155 1.1201074373264509e-09
156 1.0551933227799217e-09
157 1.0560530768326263e-09
158 1.0420222311608871e-09
159 1.0309007206839530e-09
160 1.0308875901376829e-09
161 1.0275320924020383e-09
162 1.0312564345024487e-09
163 1.0315085078365528e-09
164 1.0305862502072934e-09
165 1.0324484227153286e-09
166 1.0334210987176232e-09
167 1.0256046374138259e-09
168 1.0253794426057213e-09
169 1.0831090792729844e-09
170 1.1088022558326997e-09
171 1.1038100854368448e-09
172 1.1035211263650448e-09
173 1.1040868296015959e-09
174 1.1276213717514431e-09
175 1.0412325214721728e-09
176 1.0412125974784054e-09
177 2.1493714225991956e-09
178 1.9214267320868697e-09
179 5.1785035217276335e-09
180 3.2425565279368272e-09
181 2.7221159400351471e-09
182 2.9872428751470030e-09
183 2.9856370387568783e-09
184 8.5522508868597810e-10
185 4.4322456653009819e-10
186 9.5567926583396524e-10
187 7.0825561733579344e-10
188 4.3942239999881942e-10
189 4.3572465100028062e-10
190 4.3435845729323017e-10
191 4.3458463603650289e-10
192 4.3335565796328321e-10
193 4.3457676195652777e-10
194 6.0055708045717596e-10
195 4.3469178836408835e-10
196 4.8382657636292721e-10
197 4.8385996750612810e-10
198 4.6125535197046414e-10
199 4.5924964215618982e-10
200 4.6011068577666643e-10
201 4.6120385590633164e-10
202 4.6175530906877641e-10
203 4.6787976867941158e-10
204 4.7211204084226852e-10
205 5.1914184585985040e-10
206 4.7586656014929019e-10
207 4.7580006820875802e-10
208 4.7606929017324743e-10
209 4.7511265286087978e-10
210 4.7171478826240564e-10
211 4.7664213017896559e-10
212 4.7654838517662944e-10
213 4.4649798013156164e-10
214 4.2419411165560987e-10
215 4.2641618252966359e-10
216 4.2042643566097067e-10
217 4.2035184650723273e-10
218 4.1648390206280465e-10
219 4.1754347547336570e-10
220 4.1733169891514660e-10
221 4.1742629530080564e-10
222 4.1732568119804832e-10
223 4.1717271412625699e-10
224 3.2261106722662181e-10
225 3.0892333477725357e-10
226 3.7727533444585275e-10
227 3.7052597206288650e-10
228 4.6196864973486653e-10
229 3.6648360262372604e-10
230 3.7508404460487344e-10
231 3.7310255794339001e-10
232 3.7167860564277185e-10
233 3.7055326097229076e-10
234 3.6990793951095494e-10
235 3.7119521044982644e-10
236 3.7834674957759442e-10
237 3.7751235784581834e-10
238 5.9016286795137650e-10
239 5.6745674828364957e-10
240 5.0408962925448985e-09
241 3.5230732270948164e-10
242 1.2288258447112077e-09
243 1.0110932099812305e-09
244 8.3716332064382345e-10
245 6.9230980577457133e-10
246 8.1280068234553231e-10
247 1.2235996359712311e-09
248 5.2756776287005308e-10
249 4.2649599899096622e-09
250 7.5044899948396946e-09
251 2.6438199485496853e-09
252 1.6037442717335001e-10
253 1.7003870593500504e-10
254 1.7089393393069364e-10
255 1.6857787058164174e-10
256 1.6826116384241046e-10
257 1.6830656125815812e-10
258 1.6128073082916420e-10
259 1.6673926562583918e-10
260 1.7126556505056972e-10
261 1.7931376695332769e-10
262 1.8753425290080095e-10
263 1.8740996815412622e-10
264 1.8747867327176981e-10
265 1.8668965051408114e-10
266 1.8697529268841973e-10
267 1.8757577516049153e-10
268 1.7888341389012743e-10
269 1.9894023312339636e-10
270 1.9825771113291552e-10
271 1.8977925433551703e-10
272 1.6585370437443012e-10
273 1.8433111200232719e-10
274 1.8475480903132555e-10
275 1.8468165228383529e-10
276 1.8464074589133331e-10
277 1.8456393258379262e-10
278 1.8287274687385219e-10
279 1.8765863485834332e-10
280 1.8191517228671973e-10
281 1.8062683492039642e-10
282 1.7991804007277146e-10
283 1.7922341675812154e-10
284 1.7921505386150678e-10
285 1.7914102753153801e-10
286 1.7891036042473432e-10
287 1.7936412623454479e-10
288 1.8436415191273574e-10
289 5.5518484371711909e-10
290 3.3127567835485848e-10
291 1.8042132429304111e-10
292 1.7971637678893633e-10
293 1.7966168948228429e-10
294 1.8677113137243937e-10
295 1.9156228222728302e-10
296 1.9222773586389054e-10
297 1.8540651507305796e-10
298 1.8598366924557328e-10
299 1.8640466402689586e-10
300 1.8677816366763893e-10
301 1.8057466766184534e-10
302 2.0119932404197315e-10
303 1.9612318900712964e-10
304 2.1124650167882296e-10
305 2.1084557347766413e-10
306 2.1113355457634975e-10
307 2.0868654068341597e-10
308 2.4826654675686625e-10
309 3.2042380375736318e-10
310 3.1567941177566757e-10
311 1.9954180686082795e-10
312 1.2977550307550987e-09
313 8.3048465178258817e-11
314 1.4458054323573892e-10
315 2.5938198226947865e-10
316 2.4891533228777580e-10
317 1.7056349443436701e-10
318 1.6251936679876813e-10
319 1.6907517820495912e-10
320 1.6367332901251200e-10
321 1.6719515700097482e-10
322 1.6806101390984966e-10
323 1.6615673484489284e-10
324 1.3048915919355346e-10
325 1.3770309101632555e-10
326 6.9669613410145596e-11
327 6.7399624613728773e-11
328 6.7145312988615433e-11
329 6.7047158186629128e-11
330 6.6945036550277446e-11
331 1.2826120233698722e-10
332 1.4656850507276941e-10
333 8.1025750616716493e-11
334 8.0615638032664139e-11
335 8.1059284078845153e-11
336 8.1178661328306260e-11
337 8.1164783073316439e-11
338 8.1130095574973081e-11
339 8.1105742451823721e-11
340 8.1113528409640208e-11
341 8.0723195038436120e-11
342 9.2512142076704324e-11
343 6.1050472453181703e-11
344 5.5100187591808916e-11
345 5.5121199920531247e-11
346 5.6154725661362522e-11
347 5.6744274238663619e-11
348 5.7032357523110660e-11
349 5.6700884586850247e-11
350 5.6595540767688504e-11
351 5.7781925611045717e-11
352 5.6146921105939762e-11
353 5.6143144311691386e-11
354 5.6046466721774621e-11
355 5.6039641936739626e-11
356 5.6014395241271679e-11
357 5.6003893274277548e-11
358 5.6044420598700525e-11
359 5.6924180261187957e-11
360 5.7504128792168571e-11
361 5.3587157009019919e-11
362 5.1472449233919248e-11
363 5.1401756919235459e-11
364 5.1430410708872725e-11
365 5.1234051875641434e-11
366 5.3672155804264463e-11
367 5.0561207283593506e-11
368 4.9314657413130370e-11
369 4.9457342994058795e-11
370 6.7312013176318113e-11
371 6.9852460878407554e-11
372 5.9195056380917346e-11
373 5.9527864589763512e-11
374 5.9492179982226458e-11
375 5.9489818857089090e-11
376 6.3647839174579655e-11
377 6.5555131910545921e-11
378 6.3529730594808284e-11
379 4.5303828758267415e-11
380 3.1313200161050086e-11
381 4.9955431891128382e-11
382 2.5882800495417148e-11
383 2.5727702541105522e-11
384 2.4810640933389072e-11
385 2.6888112674826202e-11
386 2.9450891504223617e-11
387 2.9904784877174999e-11
388 2.9955827074834843e-11
389 2.9381888831543193e-11
390 2.8843889560680694e-11
391 2.6226427582411848e-11
392 2.8341599964868436e-11
393 2.8731696260674458e-11
394 2.3313122688025567e-11
395 2.6822437256990317e-11
396 2.6822436847452184e-11
397 2.6816319220496336e-11
398 2.7050399330084795e-11
399 2.8616830882258876e-11
400 2.8599317811419119e-11
401 2.8675642642860221e-11
402 2.8263913371390238e-11
403 2.8223972514158456e-11
404 2.9511638855721205e-11
405 2.9236636097440407e-11
406 2.9888346692516954e-11
407 2.9210548775784399e-11
408 2.9182811058569257e-11
409 2.9213351029768218e-11
410 2.9008691835237994e-11
411 2.7772420384024088e-11
412 2.6843301138506188e-11
413 2.6711774269122075e-11
414 2.6693972082889326e-11
415 2.6620491384773379e-11
416 2.6564719921586465e-11
417 2.6553732959161907e-11
418 2.6537778038491383e-11
419 2.6706104027513672e-11
420 2.6622876789041237e-11
421 2.6620322116001957e-11
422 2.9764620721506894e-11
423 2.6625852165296748e-11
424 2.6426313601024264e-11
425 2.5890043699674272e-11
426 3.0524969297716669e-11
427 2.5313213418762803e-11
428 2.5256407356151875e-11
429 2.5598392129238644e-11
430 2.5895216935576464e-11
431 2.6667309462845022e-11
432 2.6842122904142981e-11
433 2.6940370717385867e-11
434 2.7132410405886866e-11
435 2.7636070658617903e-11
436 2.8209269185396695e-11
437 2.4408630849329372e-11
438 2.2613542589078547e-11
439 2.1615562881339125e-11
440 2.3729986218410158e-11
441 3.6192772812546447e-11
442 1.5675250967401811e-10
443 7.3396605137164302e-11
444 5.6909765588863798e-11
445 4.5365188208628555e-11
446 2.2147573926150912e-11
447 2.9337296606018400e-11
448 2.9497563060298150e-10
449 4.2441322195902688e-11
450 2.9378549947512317e-11
451 3.6447006215982575e-11
452 1.2630698527913120e-11
453 1.5228984473246059e-11
454 1.4861793806436346e-11
455 1.5555834928354028e-11
456 1.4298366236527215e-11
457 1.4266590577975212e-11
458 1.4253235688889503e-11
459 1.4249743427540518e-11
460 1.4248420064334786e-11
461 1.4243792647419742e-11
462 1.4242882148581993e-11
463 1.4249109649789226e-11
464 1.4240121212342877e-11
465 1.4202573415154203e-11
466 2.3705500900732503e-11
467 1.4918602719505329e-11
468 1.4934979050517357e-11
469 1.4034224817532734e-11
470 1.4352792991376649e-11
471 1.3585791319574648e-11
472 1.3584028156413093e-11
473 1.3574149408523212e-11
474 1.3577093987837220e-11
475 1.3318243325540275e-11
476 1.3402805273580285e-11
477 1.3219844818400486e-11
478 1.3214610882755429e-11
479 1.3207341611503332e-11
480 1.3206645328510359e-11
481 1.3163143840816003e-11
482 1.3125319919817955e-11
483 1.3116881243157643e-11
484 1.3109532003904339e-11
485 1.3105139471496863e-11
486 1.3105071074037573e-11
487 1.3104872999556680e-11
488 1.3223352251056198e-11
489 1.3085567770378858e-11
490 1.3081551721804892e-11
491 1.3089116146715604e-11
492 1.3077473682286034e-11
493 1.3377149426458240e-11
494 1.3423114549084557e-11
495 1.3325775788421242e-11
496 1.3357453395724917e-11
497 1.4207887467158285e-11
498 9.7899365519401632e-12
499 1.0503159498920727e-11
500 1.9508477275733673e-11
501 1.8782797902742037e-11
502 1.8779588864606978e-11
503 1.8666614644579347e-11
504 1.8451662438321615e-11
505 1.8153561924875439e-11
506 1.8412911693225024e-11
507 1.7130105516930206e-11
508 1.4990667791992516e-11
509 1.3658133823988280e-11
510 1.2540580574733069e-11
511 1.0513534721818597e-11
512 1.5777564742259283e-11
513 1.5653431181751383e-11
514 9.3385296090701125e-12
515 8.9603205221825540e-12
516 8.2720796851173109e-12
517 8.5373094616001254e-12
518 8.5809843560421026e-12
519 8.8068554259861541e-12
520 8.9575842822974644e-12
521 8.9506683593758516e-12
522 8.9989806901180005e-12
523 8.9846920130383957e-12
524 8.9839507407518949e-12
525 8.9676280305577061e-12
526 9.0303970859766406e-12
527 7.6593144210601647e-12
528 9.3874108357333825e-12
529 9.3428859764703552e-12
530 9.3329366463832809e-12
531 9.3338296170128197e-12
532 9.3073985715486370e-12
533 9.2974670138980264e-12
534 9.2713744620266092e-12
535 9.3074435838239118e-12
536 9.3172017819441434e-12
537 9.3154138757738141e-12
538 9.3055173354824295e-12
539 9.3057542925943809e-12
540 9.4003036085377531e-12
541 9.2946680686280566e-12
542 9.2933019021131499e-12
543 9.3005358709176273e-12
544 9.3111678048729276e-12
545 9.3172448954494476e-12
546 9.3067339800986239e-12
547 9.2999952310037553e-12
548 9.3934915989127780e-12
549 9.3931675640815421e-12
550 9.4219681394169061e-12
551 9.3714185732281368e-12
552 8.0699964523440898e-12
553 4.4117594440343194e-11
554 9.6427252111180826e-12
555 1.0475639072363542e-11
556 7.6482120746401524e-12
557 1.0511988691891063e-11
558 7.1887078203466683e-12
559 7.1584994870939395e-12
560 7.1547422644598392e-12
561 7.3535380281752558e-12
562 3.3517390227199634e-11
563 8.9243264496611821e-12
564 8.9553763105670276e-12
565 6.2569074710511920e-12
566 5.9007685663907241e-12
567 1.0583940506646201e-11
568 1.1724555278495906e-11
569 1.1753868458092638e-11
570 1.1752659963624864e-11
571 1.1777494060090430e-11
572 1.1680013126823461e-11
573 1.1571724475060768e-11
574 1.1528495108696757e-11
575 1.9596879970372601e-11
576 9.5162399314583142e-12
577 6.3595867675292683e-12
578 7.5725755512481104e-12
579 6.3858579697808596e-12
580 6.1116458839459678e-12
581 5.3913939951261593e-12
582 5.4119062582081463e-12
583 4.9351175624259535e-12
584 4.8935962678624527e-12
585 4.8905463192396934e-12
586 4.8667448272410422e-12
587 4.9461469639620592e-12
588 5.1448499841366027e-12
589 5.0590422032920079e-12
590 5.0567162410736728e-12
591 5.0558436345107794e-12
592 5.1005181609968984e-12
593 5.1985192868873766e-12
594 5.2377984570098404e-12
595 5.2713537713900613e-12
596 5.2706365535907166e-12
597 5.2621636790544055e-12
598 5.2692008550555380e-12
599 5.2653338952841023e-12
600 5.2676310741100014e-12
601 5.2852154547844621e-12
602 5.3105965952170277e-12
603 5.3121712486233221e-12
604 5.3114564434297501e-12
605 5.3114356047165101e-12
606 5.3092727819089203e-12
607 5.3067172929162392e-12
608 5.3034734070642652e-12
609 5.3034478702460674e-12
610 5.2975379633433265e-12
611 5.2920950731737359e-12
612 5.2872646130111468e-12
613 5.2798247317150384e-12
614 5.2721927776312526e-12
615 5.2592624127026101e-12
616 5.2550333154983916e-12
617 4.9596122388742364e-12
618 1.2772414705029065e-11
619 4.6770420643589818e-12
620 4.6735465341805792e-12
621 4.6734830790130475e-12
622 4.6769749227305044e-12
623 4.6725588738923185e-12
624 4.6746629724632514e-12
625 4.6743314870182020e-12
626 4.6731580407574206e-12
627 4.6724396765185877e-12
628 4.6701198156536739e-12
629 4.6676563302199873e-12
630 4.6576266420165591e-12
631 4.6637804407006090e-12
632 4.6604473946203870e-12
633 4.6903702150548988e-12
634 4.7133172384896602e-12
635 4.7402312249947362e-12
636 4.7422077786178168e-12
637 4.7272964306210293e-12
638 4.8135619083657196e-12
639 4.8636921211614904e-12
640 4.8808885155299260e-12
641 4.8780120580879560e-12
642 4.8774669022768631e-12
643 4.8821958972161766e-12
644 2.7287152647007898e-12
645 3.0620886636036726e-12
646 3.0742786361008835e-12
647 2.4839334103212049e-12
648 1.5049788403416044e-12
649 4.4649569210410508e-12
650 5.2858838078424055e-12
651 2.8618956526342108e-12
652 3.6017288846428120e-10
653 8.3910916156683256e-11
654 5.0695988615510995e-11
655 2.4559650197003437e-10
656 7.4216009679066204e-10
657 1.3224093246835855e-11
658 2.6270088067574125e-11
659 1.9989885397441108e-12
660 1.7948260293911921e-12
661 2.1920749285226128e-12
662 1.2111059239004637e-12
663 2.9822803583928712e-12
664 3.5749713673320463e-12
665 3.4307686370050103e-12
666 3.2812387059466082e-12
667 3.2048359961326475e-12
668 3.5473066067704905e-12
669 3.6027336311655426e-12
670 3.5676718837419530e-12
671 3.5590722367632989e-12
672 3.5581937331639099e-12
673 3.5584719404997121e-12
674 3.5444094017574194e-12
675 3.6861880314019819e-12
676 3.1350513925327212e-12
677 3.3384429071922576e-12
678 3.3267444695991986e-12
679 3.3186810058608541e-12
680 3.3424744916398226e-12
681 3.3429535378081656e-12
682 3.2942031540658468e-12
683 3.2520139139684292e-12
684 3.2514381921542403e-12
685 3.2566467491855232e-12
686 3.2528515092524440e-12
687 3.2504961336307307e-12
688 3.2504397563005143e-12
689 3.2503427814565474e-12
690 3.2179521853519033e-12
691 3.2502812115956497e-12
692 3.2164164543471626e-12
693 3.2699279501897023e-12
694 3.1838330379611172e-12
695 3.1833232071214924e-12
696 3.1826185607982928e-12
697 3.1823194124458130e-12
698 3.1830938632927683e-12
699 3.1828937280464647e-12
700 3.1826252203980471e-12
701 3.1811065149581037e-12
702 3.1770790663445960e-12
703 3.1547268237365349e-12
704 3.0607368790277916e-12
705 3.0546611111678544e-12
706 3.0343233777276081e-12
707 3.0674812997191626e-12
708 2.8519688001143841e-12
709 2.7565489068124800e-12
710 4.1831395451348694e-12
711 3.1564238069561424e-12
712 2.6596633618199020e-12
713 2.5493725598422113e-12
714 2.4776207370587348e-12
715 2.4421137211150644e-12
716 2.3340062623708656e-12
717 9.3200516913275887e-12
718 1.9104661468019322e-12
719 1.1985773811772366e-12
720 1.4448380552358083e-12
721 1.3745884127088415e-12
722 1.3819062104448598e-12
723 1.3788742733572886e-12
724 1.3462459682416239e-12
725 1.3576655445824814e-12
726 1.3998185002905300e-12
727 1.1073379042312950e-12
728 1.9155492382677131e-12
729 2.1069504135808474e-12
730 2.0606620581841551e-12
731 1.9070549510032651e-12
732 1.9181977242467345e-12
733 1.9087743237039060e-12
734 1.9075198058189214e-12
735 1.8921220370753819e-12
736 1.8896335600969526e-12
737 1.8896136968220753e-12
738 1.8895013826540876e-12
739 1.8889619681853755e-12
740 1.8890083930665060e-12
741 1.8890234406953659e-12
742 1.8891375292561164e-12
743 1.8948753776296502e-12
744 1.8898643646208465e-12
745 1.8891776841724670e-12
746 1.8851713040449028e-12
747 1.8804961138102728e-12
748 1.8804689266921706e-12
749 1.8786907199414084e-12
750 1.8785010680853856e-12
751 1.8819670769799528e-12
752 1.8803079352186905e-12
753 1.9043704606987146e-12
754 1.9163918118476226e-12
755 1.9120271137970897e-12
756 1.9159617427111906e-12
757 1.7013433477201978e-12
758 1.7836986536207703e-12
759 1.7854362245914687e-12
760 3.5059877115634562e-12
761 1.6992514873759081e-12
762 1.3997301248443521e-12
763 1.3419762562284880e-12
764 1.6545362199117529e-12
765 1.6639129116072102e-12
766 1.6630560697016044e-12
767 1.5031852282055592e-12
768 1.0686428382659795e-12
769 9.2346882410848856e-13
770 1.0354686825291539e-12
771 1.1768744330730965e-12
772 9.8429313257581667e-13
773 9.9148596413997335e-13
774 4.0830675826688393e-13
775 4.0598281550494861e-13
776 3.0196190458357539e-13
777 5.1979637206277009e-13
778 5.6090145878587039e-13
779 5.6296867955183003e-13
780 5.4846891666994708e-13
781 5.5442955935441029e-13
782 5.6570146689626567e-13
783 5.6204536172660366e-13
784 6.2449801676779129e-13
785 8.0680772223194739e-13
786 2.3101251310853468e-12
787 1.0132263765421876e-12
788 1.0197299684375617e-12
789 9.9630800096532450e-13
790 9.9549114382858507e-13
791 9.9718887553227525e-13
792 1.0076828335943502e-12
793 9.9086551258195857e-13
794 9.9181619946609080e-13
795 9.8656313970748190e-13
796 9.6036110593663728e-13
797 9.6027042130577296e-13
798 9.6802696459724185e-13
799 9.6649653598093349e-13
800 9.6451014947130919e-13
801 9.4900618375391452e-13
802 9.4968845633422165e-13
803 9.4881116808156955e-13
804 9.4071667795172450e-13
805 9.5934016545409070e-13
806 9.1821482758907627e-13
807 9.0434242964737801e-13
808 9.0835872996343188e-13
809 9.0838142714839386e-13
810 9.1497919907841815e-13
811 9.0479549973529975e-13
812 9.0087932142169039e-13
813 8.9185288766894642e-13
814 9.1557152518693088e-13
815 9.1545039225855572e-13
816 9.1800125919077353e-13
817 9.1703683803132389e-13
818 9.1512755533183312e-13
819 8.8984940146586789e-13
820 6.3650587274261636e-13
821 1.2389333197794030e-12
822 1.2377324797333155e-12
823 1.1504905903206013e-12
824 1.1501406944104575e-12
825 1.7258998226077045e-12
826 2.9217888941759227e-12
827 2.7686438303684896e-13
828 6.6949191167096843e-12
829 6.1355216182685704e-12
830 8.1621791058810110e-13
831 4.1786213502015546e-13
832 2.6856881417923744e-13
833 2.2827972505611414e-13
834 9.0439497164814677e-14
835 4.2080415368536646e-13
836 5.4383002323396145e-13
837 6.3166942209582082e-13
838 6.4945826394380584e-13
839 1.4162079064625121e-13
840 4.2253579893242192e-13
841 4.8614698604582787e-13
842 4.8655862530270621e-13
843 4.4112070012792728e-13
844 4.4180064848743024e-13
845 4.2478749020278141e-13
846 4.2377549093658088e-13
847 4.2586234896568941e-13
848 4.2885443899821324e-13
849 4.0357451175928944e-13
850 4.1820775584674517e-13
851 7.7698932173236235e-13
852 5.2297846569678890e-13
853 5.1117722222868722e-13
854 5.0823703955821365e-13
855 5.0817952696185359e-13
856 5.0560782324860193e-13
857 5.0984093558303691e-13
858 5.0900502225285162e-13
859 5.0920661206606932e-13
860 5.2028798693508870e-13
861 5.0937984917793536e-13
862 5.0961707946380579e-13
863 5.1124831519875642e-13
864 5.0468959994794994e-13
865 4.1310206377649534e-13
866 4.9769618120677184e-13
867 4.9760123411995375e-13
868 4.9749260656698286e-13
869 4.9853940083006319e-13
870 4.9850369806256293e-13
871 4.6577880071766135e-13
872 6.1729337219529653e-13
873 6.1581764057591376e-13
874 7.5989217465475433e-13
875 6.6591579584465067e-13
876 6.6630214762170653e-13
877 5.7841253126676606e-13
878 5.7696851361694360e-13
879 5.6856330412662277e-13
880 6.0471102984048014e-13
881 6.6685327574645165e-13
882 6.8861095648047721e-13
883 9.3621492097625698e-13
884 9.2672981969667078e-13
885 2.1296546706674458e-12
886 1.2960200514694690e-12
887 1.2074580442440377e-12
888 9.9721307607593065e-13
889 3.2263587915753457e-12
890 3.6009090574792353e-13
891 4.7472554222019493e-14
892 6.6276461737280101e-14
893 6.8700065021438356e-14
894 6.1538911262087900e-14
895 3.0527297044876307e-14
896 3.1158246081198043e-14
897 2.9900243939393664e-14
898 4.0105841581479859e-14
899 3.8486471414833122e-14
900 4.2058322870135413e-14
901 1.8673248088872134e-13
902 1.4354094482908296e-13
903 3.1623184388812034e-13
904 2.3043251547939061e-13
905 2.2624028887449124e-13
906 2.3164587926186218e-13
907 1.7876271616362491e-14
908 1.5007473535797508e-13
909 4.1672742322695483e-13
910 3.8963562862597746e-13
911 3.7517336196408802e-13
912 2.3281011647899650e-14
913 4.7075212742709635e-13
914 4.8782726513794520e-13
915 4.8040605379761094e-13
916 2.2722082217633473e-13
917 1.7642500221293475e-13
918 1.3179774858808099e-13
919 1.4899626956472642e-13
920 1.5324895734774295e-13
921 1.5364600895254459e-13
922 1.5340394549649830e-13
923 1.5343475399853024e-13
924 1.5451871357477868e-13
925 1.5446657500618155e-13
926 1.5302884802991215e-13
927 1.5119248770412639e-13
928 1.5232908384742194e-13
929 1.5068005105255620e-13
930 1.5069023402568906e-13
931 1.5081603370350710e-13
932 1.5105859359121059e-13
933 1.8785646520134456e-13
934 1.8773916738860828e-13
935 8.6395772477748762e-14
936 1.6453440101090351e-13
937 1.5638928554542436e-13
938 1.5722124449084288e-13
939 1.5677963123746469e-13
940 1.4351739568714422e-13
941 1.3218291157906473e-13
942 1.3179754784466793e-13
943 1.3172591924365406e-13
944 1.3196950313482227e-13
945 1.3158350528846210e-13
946 1.3105539167544336e-13
947 1.3101936535928170e-13
948 1.3128219731271883e-13
949 1.3237716122958807e-13
950 1.3494066065331432e-13
951 1.3693343648674741e-13
952 1.4686431284106191e-13
953 1.4384178138699759e-13
954 1.5329158844692039e-13
955 1.0643924828254007e-13
956 1.2342172987767763e-13
957 4.2826303412151091e-14
958 5.9603892556448184e-13
959 6.3114149881763824e-13
960 1.3264274977993375e-12
961 1.3239953022567522e-12
962 5.9448054856933764e-13
963 9.6214556123148072e-13
964 9.8810200508629294e-13
965 8.8883288475587579e-13
966 7.9131806311703493e-13
967 1.6014162393937481e-12
968 8.7592772151738230e-14
969 2.0590183276085274e-14
970 4.5102538465372836e-14
971 4.1836760853441758e-14
972 4.5604180382780739e-14
973 5.2399784156761963e-14
974 5.7546999054514387e-14
975 5.2617504505562642e-14
976 5.2307399570060723e-14
977 5.6318282753289204e-14
978 4.5933582857220952e-14
979 4.7110047215410971e-14
980 3.3741654694910924e-14
981 1.5753289464096570e-13
982 7.5741084912947610e-14
983 1.1461823016684582e-13
984 8.0119035947289375e-14
985 4.0786262734258869e-14
986 3.8248120996321035e-14
987 3.7838901382546006e-14
988 3.7522416061961340e-14
989 3.6776850981905400e-14
990 3.4082252108385819e-14
991 3.3301396002499580e-14
992 3.3225489861331662e-14
993 3.2194143191847998e-14
994 5.1144932750593754e-14
995 4.3049007781598588e-14
996 3.0862468515131918e-14
997 3.0581711310363952e-14
998 3.3314129432290898e-14
999 1.6449993237642417e-13
1000 1.1495920227576730e-12
