0 1.6271140801806952e-07
1 1.9550853658108966e-01
2 2.5991078541703616e-01
3 2.8729803491817874e-01
4 4.3558564020801854e-01
5 1.4251129703289767e+00
6 5.1527587695400634e-01
7 1.1499088833532810e-01
8 5.8484166251430422e-02
9 3.8467859323831108e-02
10 2.5547638923565853e-02
11 1.5395941482706578e-02
12 7.6052456702166140e-03
13 7.0910129674646143e-03
14 4.0129086482358408e-03
15 2.7826269401578763e-03
16 1.7531400450692325e-03
17 1.0030798680097143e-03
18 6.9218050598662015e-04
19 3.4724631764611438e-04
20 1.8563134079781481e-04
21 1.9177500474313802e-04
22 1.8159404819736443e-04
23 1.4088507454476713e-04
24 1.2047667638716515e-04
25 1.0403440465933016e-04
26 9.1990236174372965e-05
27 7.4800648021209151e-05
28 7.2828459285602607e-05
29 5.3840535886184866e-05
30 5.4095040136088520e-05
31 4.9380574159657045e-05
32 3.7131390354655312e-05
33 2.8782031319418796e-05
34 2.5004275452995309e-05
35 2.2580274775819039e-05
36 2.0514801837004394e-05
37 1.8637650378991966e-05
38 1.6381321000063943e-05
39 1.5167505394619318e-05
40 1.3366908704711316e-05
41 1.2771014444933092e-05
42 1.0466974849027102e-05
43 1.0387276985530353e-05
44 8.5517445670792410e-06
45 7.1491519502733219e-06
46 7.1617981328185322e-06
47 5.8183764878263382e-06
48 5.6806922231539499e-06
49 4.8780553381023389e-06
50 4.6344393424575696e-06
51 3.9658354293963351e-06
52 3.3922463616163933e-06
53 2.6936995465845700e-06
54 2.3722168576912496e-06
55 1.9358878953427911e-06
56 4.4150564507607572e-06
57 1.0141416221038248e-06
58 1.0132715950561298e-06
59 9.3342617000480775e-07
60 9.0862961169414988e-07
61 8.7207145299482821e-07
62 8.4980430395152954e-07
63 7.9770261581171449e-07
64 7.8734596816241259e-07
65 7.8654227432913502e-07
66 7.3118759344982752e-07
67 7.0101886517090020e-07
68 7.0272011469484291e-07
69 6.8081512734382500e-07
70 6.4874400698382506e-07
71 5.7955349940025950e-07
72 5.2664644704389621e-07
73 5.2125223275828204e-07
74 5.1152275818555015e-07
75 5.0657346274795511e-07
76 5.0273227402893088e-07
77 4.8895358492776257e-07
78 4.7329923174228975e-07
79 4.5899856110966301e-07
80 4.4980738824717600e-07
81 4.4587301702017410e-07
82 4.4230961214486849e-07
83 4.3923786017849433e-07
84 4.3793755437938985e-07
85 4.4460006632129249e-07
86 4.3445486300098890e-07
87 4.6836719329698160e-07
88 4.5708507934547982e-07
89 3.9809671273075113e-07
90 4.5220190998343366e-07
91 4.2353599279865017e-07
92 4.1686754255937281e-07
93 4.1770693689406197e-07
94 4.2971776230102290e-07
95 4.3418274213942171e-07
96 4.0718069891388594e-07
97 4.5494632869983948e-07
98 4.6625748104616929e-07
99 5.1128810979097963e-07
100 5.2316287948942172e-07
101 5.1502378630978942e-07
102 4.2944356261573722e-07
103 9.0445610189826296e-07
104 9.0239586931271925e-07
105 1.0066809890085660e-06
106 1.0669255380601415e-06
107 8.2113895948789960e-07
108 7.7044807503342019e-07
109 8.1504219745287125e-07
110 4.3432088648687117e-07
111 6.4965115588218900e-07
112 5.8410245558406136e-07
113 3.7556518607185897e-07
114 3.2665350844536860e-07
115 2.2850223750181885e-07
116 2.2765447411979077e-07
117 2.0920756939575891e-07
118 1.4608789369952887e-07
119 1.3790664030533839e-07
120 1.3687123011991765e-07
121 1.3673326165889148e-07
122 1.2336104441342412e-07
123 1.1955956050812412e-07
124 1.1347819195502696e-07
125 1.0522982619806434e-07
126 9.8217337741275024e-08
127 9.8913162009090304e-08
128 9.7889457745552630e-08
129 9.7986032216142213e-08
130 9.7471782045472108e-08
131 9.7249880736045362e-08
132 9.6697357985875670e-08
133 9.6242101347292897e-08
134 9.6059308945212039e-08
135 9.5732765797679602e-08
136 9.5466302988539674e-08
137 9.5924634268834721e-08
138 9.4794790041798682e-08
139 9.4679326832479374e-08
140 9.4627562697396786e-08
141 9.4303006406638948e-08
142 9.4053277935433780e-08
143 9.3034458229931519e-08
144 9.2084296010687552e-08
145 9.1291840277988719e-08
146 9.0861963262681363e-08
147 9.0622637497739890e-08
148 9.0516489230003831e-08
149 9.0472312041842473e-08
150 1.5987999827554765e-07
151 9.1208290801686679e-08
152 9.5040293033844049e-08
153 9.1715819611846815e-08
154 9.3809546957367444e-08
155 9.6594886784653705e-08
156 9.6545865536793879e-08
157 9.6595483919431875e-08
158 9.6229745029956601e-08
159 9.6424148067279904e-08
160 6.7636164082729758e-08
161 1.0992462793896455e-07
162 1.1494459661234850e-07
163 1.3788809217917305e-07
164 1.2900558621951739e-07
165 1.7616408488142670e-07
166 1.7572159213959010e-07
167 5.8059846645532853e-07
168 2.5940772537809933e-07
169 1.6376403552039637e-07
170 7.6421042160980332e-08
171 8.2561692628361958e-08
172 9.3241248819909742e-08
173 8.6577593732245387e-08
174 8.6567423438167532e-08
175 6.4075956568334858e-08
176 3.9144212344987802e-08
177 3.9903143237596771e-08
178 4.4289369491063873e-08
179 4.2829311415790285e-08
180 6.6098968238633247e-08
181 3.9986882419546690e-08
182 3.9782851199766509e-08
183 3.7605091987111938e-08
184 3.7537769933487328e-08
185 3.7365307965083300e-08
186 8.6732883454029217e-07
187 3.7198793101429057e-08
188 3.7153864010378608e-08
189 3.7099886022790531e-08
190 3.7037708918442579e-08
191 3.7041215625018074e-08
192 3.7234966139609894e-08
193 6.6517972764709754e-08
194 3.9562649218271701e-08
195 3.6673989811802009e-08
196 3.6638989402492707e-08
197 3.6616170643823566e-08
198 3.6600848520129266e-08
199 3.6528771235370212e-08
200 3.6532402459901735e-08
201 3.6525493579507880e-08
202 3.6548691009572071e-08
203 3.6394633209809699e-08
204 3.6435121276275940e-08
205 3.5157616745498267e-08
206 3.4281592872581603e-08
207 3.4232651198744572e-08
208 3.4109479007032784e-08
209 3.3993278844199842e-08
210 3.3761046030315734e-08
211 3.2810489748632072e-08
212 3.3302651503245199e-08
213 3.4128301727623741e-08
214 3.4112750264047178e-08
215 3.4078375629693848e-08
216 3.4130704713925883e-08
217 3.3980445288071766e-08
218 3.3864737979460763e-08
219 3.3866218612378785e-08
220 3.3862919239200213e-08
221 3.3824055100063635e-08
222 3.3954053844355080e-08
223 3.3928466736238683e-08
224 3.4207460876760453e-08
225 3.4754717262532192e-08
226 3.4905011355483152e-08
227 3.5051843398102178e-08
228 3.4772158704080202e-08
229 4.8662622356394217e-08
230 3.7131678956051211e-08
231 3.8386073773361222e-08
232 4.0618519336817454e-08
233 4.0192907462706248e-08
234 4.3532783156805595e-08
235 5.0513404137320942e-08
236 2.0633547186492189e-08
237 2.3448607766409841e-08
238 9.9475715396703376e-08
239 8.6442987845703179e-08
240 8.4562692859375920e-08
241 8.4149257232978689e-08
242 8.4300163997409661e-08
243 8.1824692164946631e-08
244 7.3572777809676668e-08
245 7.6431486353196812e-08
246 9.3339941837999273e-08
247 1.3534940003847644e-07
248 2.6891680761267017e-08
249 1.9624230840688255e-08
250 2.0229925635165508e-08
251 3.1193046838658030e-08
252 2.4360446376864907e-08
253 1.0573264346588178e-06
254 1.7803218801860565e-08
255 1.7783946169977918e-08
256 1.8325739066738584e-08
257 1.8322342433354057e-08
258 1.8418060043644262e-08
259 1.8375753119811724e-08
260 1.8022256723485883e-08
261 1.8021563991347586e-08
262 1.8014347424757727e-08
263 1.7962197821293345e-08
264 1.7947917245240033e-08
265 1.8167507912752397e-08
266 2.1227736101431777e-08
267 2.0889549800725255e-08
268 2.0979279057336330e-08
269 2.0648885523906622e-08
270 1.9163906559564899e-08
271 1.9073122600979968e-08
272 1.9071143505200111e-08
273 1.9058709331580879e-08
274 1.7312077286607582e-08
275 1.7557567094182184e-08
276 1.7803692207569500e-08
277 1.7804312900784512e-08
278 1.7738959875404846e-08
279 1.7750276602297973e-08
280 1.7729385756564240e-08
281 1.8145837366705554e-08
282 1.7748580401375427e-08
283 1.7730600419459682e-08
284 1.7728151191029607e-08
285 1.7724148260443075e-08
286 1.7719971864090626e-08
287 1.7637717677441296e-08
288 1.7568051102874562e-08
289 1.7544465937627724e-08
290 1.7517606581946348e-08
291 1.7516738066787591e-08
292 1.7615361621154713e-08
293 1.7552109719455378e-08
294 1.7365886660459248e-08
295 1.7515626548428690e-08
296 1.7835875696876047e-08
297 1.7288372453062665e-08
298 2.0309566689428262e-08
299 1.6309475054669118e-08
300 1.3575068622442573e-08
301 1.3665660139130196e-08
302 9.5695239173343765e-09
303 1.0999994568156123e-08
304 1.3240320096642440e-08
305 1.8419483107732724e-08
306 1.5142679949088905e-08
307 1.5139782919649980e-08
308 2.0583190670171033e-08
309 2.0226172514975247e-08
310 1.9432766243053829e-08
311 2.1686404070697386e-08
312 2.1725768474124801e-08
313 2.9935517076842504e-08
314 2.1840240495275599e-08
315 2.1712118912555926e-08
316 2.1659411608532147e-08
317 2.1653885888331203e-08
318 2.3760121292203753e-08
319 2.3586876857710084e-08
320 3.5177538465549866e-08
321 3.5045324932336535e-08
322 1.7877638115667233e-08
323 2.0170652286547845e-08
324 9.8341171267552312e-09
325 8.3909504631906526e-09
326 8.3450661751041508e-09
327 8.2352023596869068e-09
328 1.3751630276831509e-08
329 1.6993438651795806e-08
330 7.2775001312675216e-09
331 7.0334214374199506e-09
332 7.3947739103975041e-09
333 6.5866974539786023e-09
334 6.5761517030937986e-09
335 6.6129884098647978e-09
336 6.6985632060830199e-09
337 6.5087806815426518e-09
338 6.5254661037291720e-09
339 6.9228787190640766e-09
340 6.7200628145721539e-09
341 1.1031540807608715e-08
342 7.5429052997984952e-09
343 1.2290098223766875e-08
344 7.0956677929789434e-09
345 7.2800115280237898e-09
346 7.2346738899743437e-09
347 7.2518648688970719e-09
348 7.2060623185670533e-09
349 7.2029657510377451e-09
350 7.2005547937457823e-09
351 7.1948005029856168e-09
352 7.1984681956450741e-09
353 7.1989025025461455e-09
354 7.2001685394891888e-09
355 7.2054021834454382e-09
356 6.7260873788609030e-09
357 6.7367088676674860e-09
358 6.7355114349069868e-09
359 7.0352594791452918e-09
360 6.4977535698315523e-09
361 6.4964444302093582e-09
362 5.5826945628125658e-09
363 5.0813717053298518e-09
364 5.1605655642883915e-09
365 4.8115945394182103e-09
366 4.3585645238791141e-09
367 5.4873919926517045e-09
368 5.6931424262673677e-09
369 5.4054596614495987e-09
370 5.4264228454875975e-09
371 5.3159156008734670e-09
372 5.7948117240443581e-09
373 6.4664743126727433e-09
374 6.8217674583968991e-09
375 6.9972699890623940e-09
376 6.9864356025023210e-09
377 6.9889242459839236e-09
378 5.0287859922143580e-09
379 1.5231361820171609e-08
380 2.3102144827708434e-09
381 2.0192544931260768e-09
382 2.0225864980829712e-09
383 5.3766689347515643e-09
384 3.7011898050399441e-09
385 3.7318075008978191e-09
386 3.7218336148841974e-09
387 1.9900310558689266e-09
388 7.5818922989266836e-09
389 1.0540352801208764e-08
390 4.3813815634763022e-09
391 4.6146473772839226e-09
392 4.5593316169512050e-09
393 4.6481699370771567e-09
394 4.6306376005169082e-09
395 4.9172329393811591e-09
396 7.3832567753977525e-09
397 6.6103746190546931e-09
398 6.6015669411287545e-09
399 4.4511742918900133e-09
400 5.3397887193197328e-09
401 5.3048278014677632e-09
402 3.4024679439087957e-09
403 3.4587436208820512e-09
404 3.4753906778279197e-09
405 3.3606002419756121e-09
406 4.4115289699802768e-09
407 2.8178195426527460e-09
408 2.5794126653544019e-09
409 2.3460366672153297e-09
410 2.3358863520649943e-09
411 2.3884909971192134e-09
412 2.2279661275533739e-09
413 2.9037687942111711e-09
414 2.3536281165667928e-09
415 1.9432507697946146e-09
416 1.6066580686167061e-09
417 1.6094252832418643e-09
418 1.6040822136786815e-09
419 1.6033685881664677e-09
420 1.6031129402768552e-09
421 1.6029499869433895e-09
422 1.5885922992357361e-09
423 1.5905245409332400e-09
424 1.6362818842138828e-09
425 1.5647418572582947e-09
426 1.5651699441982607e-09
427 1.5459034104505236e-09
428 1.5143945702560114e-09
429 1.5134093512439525e-09
430 1.7416967248460531e-09
431 1.0294696604875856e-09
432 8.5236975893063041e-10
433 7.9320009546258775e-10
434 1.0211505957103374e-09
435 1.1459425408748434e-09
436 1.1849272761321558e-09
437 1.2309545965842691e-09
438 1.2892118728191521e-09
439 1.2857487091501313e-09
440 1.2857375533690729e-09
441 1.2856787956119850e-09
442 1.2793063463517622e-09
443 1.3288571206270423e-09
444 1.3183448441984620e-09
445 1.2290552038408008e-09
446 1.3198066679034951e-09
447 1.8183009726484135e-09
448 2.3562037584962708e-09
449 7.0567287646798667e-10
450 7.3124898293417625e-10
451 7.3475704215305167e-10
452 7.4156350698422800e-10
453 7.3906069547489238e-10
454 7.5175744005743929e-10
455 7.4905956800214793e-10
456 7.4993723151335016e-10
457 7.4526791625784989e-10
458 7.3944752234283955e-10
459 7.3839056924463317e-10
460 7.3616032389419194e-10
461 7.3663936003947884e-10
462 7.3955266766677733e-10
463 2.0688103019099014e-09
464 6.9937674710723392e-10
465 7.0004460092406229e-10
466 6.9998602554067829e-10
467 6.9963783950830158e-10
468 6.9964315102671493e-10
469 6.9951789670600812e-10
470 1.4589141266069493e-09
471 7.1851716952390444e-10
472 8.3454480657135696e-10
473 1.2407887397504222e-09
474 7.5929379461145654e-10
475 8.1805963375910955e-10
476 8.2013088410502941e-10
477 8.1413138332678363e-10
478 8.1094412038362211e-10
479 8.0879121885435631e-10
480 8.0873224403630256e-10
481 8.0857222800594593e-10
482 8.0746661327586446e-10
483 8.0468735704567385e-10
484 7.9987375343500688e-10
485 8.0081497875584499e-10
486 8.0072619633170122e-10
487 8.0011659992946783e-10
488 7.9964578847288695e-10
489 7.9593497212639853e-10
490 7.8946092551451458e-10
491 7.9608079795772348e-10
492 7.9487449535003599e-10
493 7.8826162753057517e-10
494 7.3578411590729258e-10
495 7.2869257315888009e-10
496 6.7040855066183415e-10
497 6.6758350655565137e-10
498 6.6791511227746298e-10
499 6.6734504330779105e-10
500 6.6720263542576639e-10
501 6.6643712038262068e-10
502 7.1717615151247071e-10
503 6.7260702731982586e-10
504 6.6945854180513432e-10
505 6.6816000843920876e-10
506 6.6747699927408473e-10
507 6.6503106852932202e-10
508 6.7716933448358244e-10
509 6.7295593015319394e-10
510 6.6131696047534001e-10
511 6.5739916581155613e-10
512 6.5555147383826746e-10
513 6.5522779590182479e-10
514 6.5526052975771410e-10
515 6.5402348324491743e-10
516 6.5355593304577583e-10
517 6.5373215835763598e-10
518 6.5341803191534034e-10
519 6.5391589646888786e-10
520 6.5531339737879847e-10
521 6.4856222954877669e-10
522 3.9930889300974247e-10
523 2.1260429780792931e-09
524 9.5718179624835041e-10
525 8.8541530756766468e-10
526 9.2527911114383817e-10
527 9.1669783152157857e-10
528 9.9587738335954297e-10
529 7.9654542706674332e-10
530 1.2190282973538816e-09
531 1.2188795010857784e-09
532 5.3378000769430242e-10
533 5.3728041429225881e-10
534 5.2391653939252733e-10
535 5.2137908323797137e-10
536 5.2356109276554044e-10
537 5.1964001192716169e-10
538 5.1919203474731422e-10
539 5.2000687672220191e-10
540 5.1980526885637546e-10
541 5.1469977840677202e-10
542 5.1160901810906412e-10
543 5.0492964963287669e-10
544 5.0920073678176196e-10
545 5.7377984729889259e-10
546 5.3505488810281690e-10
547 5.3422486409244535e-10
548 4.5993821406694815e-10
549 4.3124309245926495e-10
550 1.1692301221661728e-08
551 3.8875301120005781e-10
552 3.9000893002412754e-10
553 3.8711400497333183e-10
554 3.8358561139281478e-10
555 3.8105915027026019e-10
556 3.6045254741356847e-10
557 3.5495617432457948e-10
558 3.5406378752662600e-10
559 3.5475050096838597e-10
560 3.5599250350581415e-10
561 3.5895191697113478e-10
562 3.6905169742211169e-10
563 3.8164048369607278e-10
564 3.7692835178987921e-10
565 3.7606851834449566e-10
566 3.7587697117845035e-10
567 3.7588289518334140e-10
568 3.7585567745318629e-10
569 3.7581170712818803e-10
570 3.7567558360836500e-10
571 3.7566118895023036e-10
572 3.7519015303294149e-10
573 3.7482170863885447e-10
574 3.7473270878773428e-10
575 3.7473067739619362e-10
576 3.7471138696699968e-10
577 3.7458018450487343e-10
578 3.7426995905681689e-10
579 3.7426419451939409e-10
580 3.7428174785864654e-10
581 3.7420014855089864e-10
582 3.7373437466683032e-10
583 3.7373192076189082e-10
584 3.7280392227644316e-10
585 3.8464869688584145e-10
586 3.9033581594697176e-10
587 2.6904496891329379e-10
588 4.4920944300678770e-10
589 4.3682904006618246e-10
590 4.3456813799457057e-10
591 2.0927495962202371e-10
592 3.2486046016559870e-10
593 3.2535815747550901e-10
594 2.2782300492192720e-10
595 3.5447777916757944e-10
596 2.1068847799816501e-10
597 2.0807440742116845e-10
598 2.0788419071652823e-10
599 2.0901432945028093e-10
600 2.0215842982735845e-10
601 2.7322334635438317e-10
602 2.7268511913414026e-10
603 2.9156121775474130e-10
604 3.0097754195306202e-10
605 3.0431650710552449e-10
606 3.0017154180284722e-10
607 2.9822961481547927e-10
608 2.9956330823504298e-10
609 2.9608839861475973e-10
610 2.9830956830130450e-10
611 3.3093085209381832e-10
612 2.9236405722081495e-10
613 2.9343247953048735e-10
614 2.9312598334018497e-10
615 2.9289589096844624e-10
616 2.9242559841013253e-10
617 2.9183004194090531e-10
618 2.9160904563797352e-10
619 2.9149466098260963e-10
620 2.9136602335419645e-10
621 2.8437005392543780e-10
622 3.0981533505682108e-10
623 3.1709260157838685e-10
624 3.3745187432134084e-10
625 2.9614144214842672e-10
626 2.8275021612881063e-10
627 2.7612594315444615e-10
628 2.7125887081067395e-10
629 2.6961012394484417e-10
630 2.6956661771995369e-10
631 2.5694439209278557e-10
632 2.5766603670952938e-10
633 2.5755082978157193e-10
634 2.5802043564857684e-10
635 2.5779504362477132e-10
636 2.5711762046476485e-10
637 2.5778096530465245e-10
638 2.5384584031291042e-10
639 2.5389967410958828e-10
640 2.5381685300084711e-10
641 2.5688036691635814e-10
642 2.5841472101045295e-10
643 2.0135460511123077e-10
644 2.2524980286623134e-10
645 3.0589135128004740e-10
646 3.0458722986101158e-10
647 2.8166893514909298e-10
648 2.8157693176937097e-10
649 2.8313280042956461e-10
650 2.8161055234212467e-10
651 2.7793232210334771e-10
652 2.8006003518055958e-10
653 2.0826189634833480e-10
654 2.0800478001503367e-10
655 2.0821437958690646e-10
656 2.0751758061748859e-10
657 2.0733197787256196e-10
658 2.1982350787366238e-10
659 2.2246466696625758e-10
660 2.2073384101145778e-10
661 2.0846839596054923e-10
662 2.1814684892283723e-10
663 2.0241462533134069e-10
664 2.3046461799746768e-10
665 1.9155443506073256e-10
666 1.9038790234646420e-10
667 1.9079199657919555e-10
668 1.9042969382236749e-10
669 1.9041656192085969e-10
670 1.9040261207765772e-10
671 1.9005657377410573e-10
672 1.9121382253966140e-10
673 1.9175526389181139e-10
674 1.9135506906249436e-10
675 2.1360758268111030e-10
676 1.9110076709569009e-10
677 1.9113730195202167e-10
678 1.9106529826290031e-10
679 1.9245758917357883e-10
680 1.9522090382843233e-10
681 1.9386048387155049e-10
682 1.9392277275697323e-10
683 1.9336301767535171e-10
684 1.9921479844526961e-10
685 1.9464342123300560e-10
686 1.9310102855940388e-10
687 1.9307330683390305e-10
688 1.9311222983522074e-10
689 1.9310103704788818e-10
690 1.9240028667385480e-10
691 1.9209732181617444e-10
692 1.9258812176223264e-10
693 1.9260805148061410e-10
694 1.9239813055249642e-10
695 1.9240287142479523e-10
696 1.9265641241138655e-10
697 1.9126564516707429e-10
698 1.9064735465867603e-10
699 1.8972538437505987e-10
700 1.9455378949212309e-10
701 1.8989159035184389e-10
702 2.0047644083269649e-10
703 2.0128917376696953e-10
704 2.0332729702912241e-10
705 1.9533191232900970e-10
706 1.9600201042442945e-10
707 1.9763364440417433e-10
708 1.9795383025669924e-10
709 1.9718754190922549e-10
710 1.9715101421347129e-10
711 1.9720695825714380e-10
712 1.9622123165712072e-10
713 1.9496452350607453e-10
714 1.9274429015540612e-10
715 1.9164511275016726e-10
716 1.9166072364870587e-10
717 1.9171074838986725e-10
718 2.0000520469939270e-10
719 1.7813155304053159e-10
720 1.7661440943609345e-10
721 1.6329593366084402e-10
722 1.5609738384990526e-10
723 1.5347539832400165e-10
724 1.5002874117490598e-10
725 1.5044915668133560e-10
726 1.4821864031562464e-10
727 1.4605038662884385e-10
728 1.4563002890055033e-10
729 1.4517345481562311e-10
730 1.4537052366909865e-10
731 1.4455759999438766e-10
732 1.3881575652946629e-10
733 1.4143700125085565e-10
734 1.3803091643191497e-10
735 1.3792347490230428e-10
736 1.3954665358222400e-10
737 1.3954615126879338e-10
738 1.3933185075051006e-10
739 1.3932937526063513e-10
740 1.3981851384756852e-10
741 1.1754300952051830e-10
742 1.2929000859948403e-10
743 1.0684379700793539e-10
744 1.3159963971096742e-10
745 1.2867388649406543e-10
746 5.7963722850712350e-10
747 1.2318134666532514e-10
748 1.2318764613069675e-10
749 1.2320832253256016e-10
750 1.2311254922572412e-10
751 1.2329920270858418e-10
752 1.2319338745351210e-10
753 1.2379172464951864e-10
754 1.2568989086960615e-10
755 1.2668679121714884e-10
756 1.2223826657963808e-10
757 1.2288835351278304e-10
758 1.2008359908702395e-10
759 1.1984386855681188e-10
760 1.1973681932225868e-10
761 1.1975845193807529e-10
762 1.1958992836167343e-10
763 1.1969811881335778e-10
764 1.2030972909234832e-10
765 1.2026385926982734e-10
766 1.2043516139864731e-10
767 1.1974443216526628e-10
768 1.1856385796335041e-10
769 9.6882447659610587e-11
770 1.2750777273932577e-10
771 1.2492888185165259e-10
772 1.2541135817323127e-10
773 1.2570061584929282e-10
774 1.2506320366987200e-10
775 5.5233713704462731e-11
776 1.1357608280747555e-10
777 1.5474403963090972e-10
778 2.5385770113099219e-10
779 2.1999135342368551e-10
780 2.6106146279085560e-10
781 2.5879246042418720e-10
782 2.5523948125120958e-10
783 2.4793900205177257e-10
784 2.5020475812050501e-10
785 2.4951778076241404e-10
786 2.5323647216747505e-10
787 2.7832441168607531e-10
788 2.7698172410894237e-10
789 2.6363382505429048e-10
790 1.3390491334982736e-10
791 1.2254717406089053e-11
792 2.8819135976819255e-11
793 4.8112833516435956e-11
794 9.6155728474278696e-11
795 8.4638969047918738e-11
796 8.0847199908417196e-11
797 8.0411467870858021e-11
798 8.0093380343693329e-11
799 7.9317454820588210e-11
800 7.4414667567105364e-11
801 7.6519393303299139e-11
802 7.6894936015739074e-11
803 7.7042777294952851e-11
804 7.7040897902297473e-11
805 7.6491292274563510e-11
806 7.6220386739057197e-11
807 7.4651151027622812e-11
808 7.5117947566563433e-11
809 7.4921640657417070e-11
810 7.2516488136531589e-11
811 7.2273063402689168e-11
812 7.2276816188354032e-11
813 7.1987073184956123e-11
814 7.1799249322091128e-11
815 7.1851796396993876e-11
816 7.1846347938658872e-11
817 7.1736511724218816e-11
818 7.1787952885843317e-11
819 7.1876845508798119e-11
820 6.7599524224491869e-11
821 6.8761668913368952e-11
822 6.8767554679698906e-11
823 6.9029712703311345e-11
824 6.8926173373365724e-11
825 7.2256557204832720e-11
826 5.4392252442794118e-11
827 5.9890806396303485e-11
828 6.2315907461242921e-11
829 6.1586140019752025e-11
830 6.1519731144885264e-11
831 6.1583874723219541e-11
832 6.0829723525005357e-11
833 6.0849304940739871e-11
834 6.4519390826654109e-11
835 7.5079801577238254e-11
836 7.4087862844999071e-11
837 8.3291003042584791e-11
838 2.7112838924685355e-11
839 2.3726760318694365e-11
840 1.7395001120614975e-11
841 3.1423691723585570e-11
842 4.4913715318114738e-11
843 3.3899818807566647e-11
844 8.6494981883630005e-11
845 7.7202921036616806e-11
846 1.7920537383641541e-09
847 2.4661302645620111e-09
848 2.4746163195198643e-09
849 1.7025928419020067e-09
850 1.8727223378474748e-09
851 2.1895184923099409e-09
852 1.1819095046983540e-09
853 1.2133851658341024e-09
854 9.3873449511350339e-11
855 2.9769365238601527e-11
856 3.4588041486765049e-11
857 3.4376293980907096e-11
858 3.6993309535551635e-11
859 9.9394042249504348e-11
860 2.9685750903712208e-11
861 3.8364653922673388e-11
862 1.2595546230778757e-11
863 1.9552275073531902e-11
864 2.4650005656289815e-11
865 2.6125903741842296e-11
866 2.2439021196541854e-11
867 2.2709314773797148e-11
868 2.1711679569532623e-11
869 2.1938790621295442e-11
870 2.1937226281504408e-11
871 1.9893896292767862e-11
872 1.3074667227852444e-11
873 1.1428683538363317e-11
874 1.1583320123611627e-11
875 1.1361290769428101e-11
876 3.5445218156610050e-11
877 1.7339280562858330e-11
878 2.0512659385423749e-11
879 2.8955868245894680e-11
880 2.9556932361318920e-11
881 2.9444914137269043e-11
882 2.9277791201471870e-11
883 2.9191785349321489e-11
884 3.0768924074076376e-11
885 4.3112398507704475e-11
886 3.3972967427142175e-11
887 2.8368017117961856e-11
888 2.8330710769639962e-11
889 2.8328505570502759e-11
890 2.8637325404864867e-11
891 2.8461642003261000e-11
892 4.5979922251990246e-11
893 3.3608524427562952e-11
894 3.7167310864831002e-11
895 1.6870382791330278e-11
896 2.8973617125912282e-10
897 1.7644088591573839e-11
898 8.9385585400516137e-12
899 1.0304064141700431e-11
900 1.9581506220999572e-11
901 2.9138603944500347e-11
902 1.4853265244229994e-11
903 1.6320786829618304e-11
904 5.3190623816410324e-12
905 2.2800312658706563e-11
906 2.2454555792896997e-11
907 2.2896629004810093e-11
908 2.3315471314519692e-11
909 2.2808611658149058e-11
910 5.0887742195196207e-11
911 4.3634418072855464e-11
912 5.7481497729173251e-11
913 2.3595967023323842e-10
914 2.5620598375272564e-11
915 2.5430514061132007e-11
916 4.0679974451178776e-11
917 2.1311045934822816e-11
918 2.1432658185267451e-11
919 2.1434144683053239e-11
920 2.1433050587069665e-11
921 2.1435762247458827e-11
922 2.1430879044324781e-11
923 2.1216550576831613e-11
924 2.0956380920737537e-11
925 2.1194834401000984e-11
926 2.1691406870969650e-11
927 2.1532187013626684e-11
928 2.1267895661712309e-11
929 5.1886441361588513e-11
930 2.1371413464480255e-11
931 2.1368905267292679e-11
932 2.1390929959751114e-11
933 2.1298088784811131e-11
934 2.1305313258575326e-11
935 2.1081110899062515e-11
936 1.1891286280754428e-11
937 1.7189770503288949e-11
938 1.3051286824388567e-10
939 1.9752390689968038e-11
940 3.9797116500058884e-12
941 7.1176095333669732e-12
942 6.8239019227067378e-12
943 1.2178609663046595e-11
944 2.0809495974754368e-12
945 2.9664385570940496e-12
946 2.8648191334225850e-12
947 2.4611259514158542e-12
948 1.4443833806676159e-11
949 6.9020851739112374e-12
950 8.8524819065585924e-12
951 4.6783352862369621e-11
952 2.5789077432732412e-11
953 1.3272459014149590e-10
954 1.4311743588715891e-11
955 1.8240530207498695e-11
956 1.0480565545126610e-11
957 1.0367532844113280e-11
958 1.0403524580568026e-11
959 9.0837028980313467e-12
960 1.0548380138359640e-11
961 1.9436307917025901e-11
962 8.1800080310257136e-12
963 8.0883530425488820e-12
964 8.1322558389657729e-12
965 8.9302640928619829e-12
966 8.9389532610218685e-12
967 8.4659039976373734e-12
968 8.3414875684983560e-12
969 8.1296242178651591e-12
970 8.1333271828472581e-12
971 8.0230017006279006e-12
972 7.1405140949898383e-12
973 7.4737535581624516e-12
974 7.2820102026489362e-12
975 7.3904928762278341e-12
976 7.7697425641210582e-12
977 7.3463403721240762e-12
978 7.5430008912870863e-12
979 7.4795529017756305e-12
980 7.4276392241685223e-12
981 7.2951485483151147e-12
982 6.9740182066347777e-12
983 6.9943961716236737e-12
984 6.9850320421486324e-12
985 6.2519770618786788e-12
986 8.0234033787686763e-12
987 8.4376535032453233e-12
988 8.1589327266274094e-12
989 7.8520659590639796e-12
990 8.6818080269744787e-12
991 8.4845591396881365e-12
992 8.5695759731661349e-12
993 1.3188230259885015e-11
994 6.3793080534375279e-12
995 9.2994323492799246e-12
996 9.9078910268171893e-12
997 9.0869484436901117e-12
998 8.6442574896678541e-12
999 7.4448753031247364e-11
1000 1.9731381258070637e-12
