0 1.6271140095271749e-01
1 6.7562011911758435e-01
2 1.5462671509618393e+00
3 1.5219734514988814e+00
4 1.5105744620438872e+00
5 1.5580525642257586e+00
6 1.6639662137735380e+00
7 1.6180635308856164e+00
8 1.4326988686506972e+00
9 1.2100649667961425e+00
10 8.3988647001292904e-01
11 6.7061444898949174e-01
12 4.4487932510927924e-01
13 3.2453060196950811e-01
14 2.3138948721719602e-01
15 1.4251327962294183e-01
16 1.0693743627663779e-01
17 6.5003297310421634e-02
18 4.2149612264521179e-02
19 2.8864928360571959e-02
20 2.0414915205450548e-02
21 1.5836423522467502e-02
22 1.0599856267629633e-02
23 6.9162791685619977e-03
24 5.0393988225197785e-03
25 3.0989292200448116e-03
26 2.1589371923037919e-03
27 1.5239442618135667e-03
28 9.6500979069861830e-04
29 6.9626098890374663e-04
30 4.5994018192657753e-04
31 3.4304319496711132e-04
32 2.7793698037282860e-04
33 1.8595158416636655e-04
34 1.3537739068058738e-04
35 9.3355214875594683e-05
36 8.2840254248690840e-05
37 5.8834117446989925e-05
38 4.0586030335048913e-05
39 2.4336738747846972e-05
40 1.4671322035074516e-05
41 1.0893796703470322e-05
42 8.0439502685921311e-06
43 5.2183798411452627e-06
44 3.4358207865928799e-06
45 1.9805679636343968e-06
46 1.4081235190938396e-06
47 9.4145176183414548e-07
48 6.4776773570955063e-07
49 5.2206212090345018e-07
50 3.5224108989879118e-07
51 2.5344569201564515e-07
52 1.7535050713987381e-07
53 1.0834792469189762e-07
54 7.4047079191015363e-08
55 5.3780466862692282e-08
56 3.5174912973558117e-08
57 2.4526473732678962e-08
58 1.7460408810664678e-08
59 1.1193861313293773e-08
60 7.6026329223758716e-09
61 5.0845416653964401e-09
62 3.4683185515651711e-09
63 2.4907395228644404e-09
64 1.6428641711432650e-09
65 1.1755795072689845e-09
66 8.1250393361456139e-10
67 5.0173373848419307e-10
68 3.2412380331033254e-10
69 2.0783198848264074e-10
70 1.3247306966419477e-10
71 8.2330065532039708e-11
72 4.8470790651492348e-11
73 2.6607698648573863e-11
74 1.3811440886022782e-11
