0 1.6271140095320063e-03
1 6.7775022585240237e-03
2 1.6312577364826820e-02
3 1.8180455942669666e-02
4 2.0837327630390191e-02
5 2.5243498418735525e-02
6 3.4558390061215478e-02
7 4.6454564272254348e-02
8 6.3233804197161292e-02
9 9.3178849139695721e-02
10 1.1269262287185119e-01
11 1.6046827877614311e-01
12 1.6952466010625888e-01
13 1.8534920637912533e-01
14 1.7578829105238855e-01
15 1.2700348784214741e-01
16 1.0382386550031281e-01
17 6.5507667139871092e-02
18 4.3291388136391495e-02
19 2.9799929027359864e-02
20 2.1238425759233275e-02
21 1.6651374547930146e-02
22 1.1200906620942088e-02
23 7.3830558655674679e-03
24 5.4097771040163166e-03
25 3.3298128711106304e-03
26 2.3239054764800484e-03
27 1.6329452862372596e-03
28 1.0323808777820791e-03
29 7.4150904852667747e-04
30 4.8374123106104675e-04
31 3.5971702489473808e-04
32 2.9129135074394084e-04
33 1.9727870950670339e-04
34 1.4578037145703115e-04
35 1.0488293124491666e-04
36 9.3734142212943211e-05
37 6.5841072278285227e-05
38 4.5850229213172480e-05
39 2.7350452590120089e-05
40 1.6411159257325737e-05
41 1.2007503662473848e-05
42 8.7592253713018755e-06
43 5.7071620830765370e-06
44 3.6992620939571730e-06
45 2.0992102607342074e-06
46 1.4743858845341232e-06
47 9.5389758667525955e-07
48 6.4595593966705939e-07
49 5.2551202356570798e-07
50 3.6615852721273227e-07
51 2.7686977541721936e-07
52 1.9771604988012024e-07
53 1.2352787524437143e-07
54 8.3678970566776640e-08
55 5.9088187358775472e-08
56 3.9831871913160774e-08
57 2.7871420110519347e-08
58 1.8331949420307478e-08
59 1.2629853701608369e-08
60 8.1582347069594854e-09
61 5.1919351381409732e-09
62 3.4877420901033196e-09
63 2.4089688141711601e-09
64 1.7627542589773859e-09
65 1.3913134912765540e-09
66 9.4805138490805755e-10
67 6.0251147973348788e-10
68 4.0288801795916997e-10
69 2.6588713909492526e-10
70 1.7179001205465595e-10
71 1.0789724441779618e-10
72 6.3890695047017262e-11
73 3.5155347531204985e-11
74 1.8263999550888903e-11
75 9.8694377860071809e-12
76 5.3120382859725220e-12
77 3.3621844855171405e-12
78 2.2166384057920782e-12
79 1.2855366246945164e-12
80 7.6453696981259110e-13
81 4.2593875255168956e-13
82 2.1993344145530929e-13
83 1.3342668397810795e-13
