0 1.6271140801806952e-07
1 6.7777190260510682e-07
2 1.6321640074607904e-06
3 1.8216256440206677e-06
4 2.0917484561685988e-06
5 2.5402979281364923e-06
6 3.4938660176191561e-06
7 4.7349915380858281e-06
8 6.5480351112452031e-06
9 9.9865653551598030e-06
10 1.2856249182605212e-05
11 2.0750656665432354e-05
12 2.6743938936169484e-05
13 4.1221850492068716e-05
14 6.5886449486765353e-05
15 8.9986408074108700e-05
16 1.5632060016270902e-04
17 2.1245803781322003e-04
18 3.0182942501217480e-04
19 3.9965737603194932e-04
20 5.3353365825099960e-04
21 8.6463271608874044e-04
22 1.1645764975005569e-03
23 1.5101286061927194e-03
24 1.9873554187538837e-03
25 1.8612992432627579e-03
26 1.7128771652529726e-03
27 1.4007888905655727e-03
28 9.5806617255641635e-04
29 7.1482664947211184e-04
30 4.7420797007487707e-04
31 3.5587032887733156e-04
32 2.8974676090617716e-04
33 1.9681029964839684e-04
34 1.4535111264078870e-04
35 1.0497896440932734e-04
36 9.3840717954196809e-05
37 6.5911006063095948e-05
38 4.5900378434068598e-05
39 2.7381714738157552e-05
40 1.6431316889280891e-05
41 1.2021363872077067e-05
42 8.7685416243515816e-06
43 5.7134102058987196e-06
44 3.7026906050768660e-06
45 2.1007368410438900e-06
46 1.4751651797267681e-06
47 9.5396129997309199e-07
48 6.4578260524804293e-07
49 5.2530766870876005e-07
50 3.6612282849253763e-07
51 2.7696818329518987e-07
52 1.9785587695026953e-07
53 1.2357235190321515e-07
54 8.3469918987564448e-08
55 5.8045413177990756e-08
56 3.9571881822193180e-08
57 2.9528642107379867e-08
58 2.0547452161305249e-08
59 1.4854796521244888e-08
60 9.7633130618626741e-09
61 6.7096168503493925e-09
62 4.2879653028782740e-09
63 2.8907314677740563e-09
64 2.1566783448170876e-09
65 1.4397381974138716e-09
66 9.5032474948185463e-10
67 6.0242280125002163e-10
68 4.0309763796827424e-10
69 2.6624835492248227e-10
70 1.7210771647350180e-10
71 1.0815085525055499e-10
72 6.4062186725240533e-11
73 3.5247431670004979e-11
74 1.8322635791574064e-11
75 9.9067757807854857e-12
76 5.3259166004873322e-12
77 3.3622763450611182e-12
78 2.4033505010888037e-12
79 1.7599393779025551e-12
80 1.0533261013315587e-12
81 6.0171950695272709e-13
82 3.5697498888141908e-13
83 1.9292219813965200e-13
84 1.2935459539153210e-13
85 8.6330711610142840e-14
86 6.9779856766401563e-14
87 8.1502615691836829e-14
88 1.2125704181093970e-13
89 1.9395830487837013e-13
90 3.3003351572496296e-13
91 5.1739986735790513e-13
92 9.2749056341974027e-13
93 1.4869059945839963e-12
94 2.3414720439264559e-12
95 4.4241091231471830e-12
96 7.7962367739837986e-12
97 1.6423413139112126e-11
98 2.8345941901619886e-11
99 3.5109329000325207e-11
100 5.0016037918594538e-11
101 7.5013293222448153e-11
102 1.1198564594215327e-10
103 1.4443660172023005e-10
104 1.8710632664348352e-10
105 2.2265163649375165e-10
106 2.5652234947224024e-10
107 2.8452657344013867e-10
108 3.2217114835432152e-10
109 3.6178216537875778e-10
110 3.5329798916412282e-10
111 2.5542934315285874e-10
112 1.5211440065140984e-10
113 8.3964569374559952e-11
114 4.5630361548870257e-11
115 2.5886439664461898e-11
116 1.3453071346242678e-11
117 7.9135473976184332e-12
118 4.0611002453874877e-12
119 2.2656669412077796e-12
120 1.1807032192658829e-12
121 8.0056619806320003e-13
122 5.0888016009023773e-13
123 2.8706937911469136e-13
124 1.6394644374953420e-13
125 1.0629132962755102e-13
126 7.6630196866551196e-14
127 6.1417573808324508e-14
128 5.1446378127783097e-14
129 3.9907588029622039e-14
130 2.4075757769953014e-14
131 1.4205918888553893e-14
132 7.8515076681717889e-15
133 4.6542645599353804e-15
134 3.0927453676440070e-15
135 2.0951383512222503e-15
136 1.3654756491555684e-15
137 9.2829036115702118e-16
138 6.5543197832189122e-16
139 4.8929911861542866e-16
140 3.5256371034883101e-16
141 2.5206056778559703e-16
142 1.7372029991298875e-16
143 1.3194833232651493e-16
144 8.3814855089048457e-17
