0 1.6271140095271749e-01
1 6.7562011911758357e-01
2 1.5462671509617716e+00
3 1.5219734514990435e+00
4 1.5105744620440837e+00
5 1.5580525642257004e+00
6 1.6639662137739784e+00
7 1.6180635308854556e+00
8 1.4326988686505888e+00
9 1.2100649667958463e+00
10 8.3988647001295358e-01
11 6.7061444898936651e-01
12 4.4487932510929840e-01
13 3.2453060196946693e-01
14 2.3138948721713293e-01
15 1.4251327962288912e-01
16 1.0693743627677793e-01
17 6.5003297310633965e-02
18 4.2149612263775255e-02
19 2.8864928359747306e-02
20 2.0414915208112245e-02
21 1.5836423524606475e-02
22 1.0599856266824107e-02
23 6.9162791615254180e-03
24 5.0393988082686842e-03
25 3.0989292265238360e-03
26 2.1589372228204432e-03
27 1.5239441652120744e-03
28 9.6501041847412631e-04
29 6.9626163487975326e-04
30 4.5993449381260870e-04
31 3.4304466988840173e-04
32 2.7802639464620771e-04
33 1.8616780792523401e-04
34 1.3587566636722514e-04
35 9.6365073016929393e-05
36 7.2239352436930698e-05
37 5.7377590777183483e-05
38 4.0352695095915541e-05
39 2.4322109357917729e-05
40 1.4670895408991460e-05
41 1.0893887718718518e-05
42 8.0439509607716906e-06
43 5.2183759265833804e-06
44 3.4358206754063293e-06
45 1.9805677455026471e-06
46 1.4081235417467274e-06
47 9.4145231128127891e-07
48 6.4776750043274693e-07
49 5.2206163373623130e-07
50 3.5224052927518020e-07
51 2.5344607305625578e-07
52 1.7535203947723499e-07
53 1.0834908767840972e-07
54 7.4045669106400431e-08
55 5.3772068600422238e-08
56 3.5178997693397743e-08
57 2.4527329306330313e-08
58 1.7467546354863919e-08
59 1.1161126850463861e-08
60 7.5002533843348907e-09
61 4.9200891860076418e-09
62 3.1657881670832023e-09
63 2.2999132334354700e-09
64 1.5647896047402032e-09
65 1.0262056090555485e-09
66 6.2875094050580551e-10
67 4.7028944878241730e-10
68 3.2083724054612807e-10
69 2.0724167083327739e-10
70 1.3241660615791784e-10
71 8.2337504130992442e-11
72 4.8471621739822812e-11
73 2.6607506931022696e-11
74 1.3811489906149602e-11
