0 1.6271140095320063e-03
1 6.7775022585239899e-03
2 1.6312577364825852e-02
3 1.8180455942666131e-02
4 2.0837327630386260e-02
5 2.5243498418731122e-02
6 3.4558390061203259e-02
7 4.6454564272301754e-02
8 6.3233804197176099e-02
9 9.3178849140413231e-02
10 1.1269262287315544e-01
11 1.6046827877750838e-01
12 1.6952466010919520e-01
13 1.8534920637835364e-01
14 1.7578829105513055e-01
15 1.2700348784328802e-01
16 1.0382386550296344e-01
17 6.5507667141695952e-02
18 4.3291388136063008e-02
19 2.9799929026772837e-02
20 2.1238425764214988e-02
21 1.6651374552012883e-02
22 1.1200906619843937e-02
23 7.3830558529988802e-03
24 5.4097770791512144e-03
25 3.3298128807265561e-03
26 2.3239055426532945e-03
27 1.6329450765318239e-03
28 1.0323820995158080e-03
29 7.4150996836072896e-04
30 4.8373125531193082e-04
31 3.5971964994264592e-04
32 2.9144949924449280e-04
33 1.9763848464233818e-04
34 1.4624797220925677e-04
35 1.0158040467529687e-04
36 9.0006922597061890e-05
37 6.5590655806439129e-05
38 4.5811792548569964e-05
39 2.7346828976512999e-05
40 1.6411178875065665e-05
41 1.2007567808576741e-05
42 8.7592259883809325e-06
43 5.7071608200845923e-06
44 3.6992664391048036e-06
45 2.0992192640183257e-06
46 1.4743816473616821e-06
47 9.5386395390016085e-07
48 6.4597058436685966e-07
49 5.2554084796307290e-07
50 3.6619604674474349e-07
51 2.7680752787335934e-07
52 1.9758391555183878e-07
53 1.2328568211748775e-07
54 8.3345807396802880e-08
55 5.8813652952697900e-08
56 3.7020818650899933e-08
57 2.4731099478372739e-08
58 1.6842864962908074e-08
59 1.0695197763610147e-08
60 7.3538585309505777e-09
61 4.9699435736446313e-09
62 3.4156540203011641e-09
63 2.4488051358224470e-09
64 1.7040270942924108e-09
65 1.2130801281225183e-09
66 9.2437817576925978e-10
67 6.0132879348529110e-10
68 4.0281316506726159e-10
69 2.6584803406455804e-10
70 1.7178726702154334e-10
71 1.0789897800794808e-10
72 6.3891087343293214e-11
73 3.5155862020403192e-11
74 1.8263690101119687e-11
75 9.8691572621086563e-12
76 5.3124133227273829e-12
77 3.3619477620141620e-12
78 2.2163009237514273e-12
79 1.2859186729309605e-12
80 7.6447586868441739e-13
81 4.2560100642309688e-13
82 2.2017117634293283e-13
83 1.3344790185721980e-13
