0 1.6271140087690448e-05
1 6.7777159446741778e-05
2 1.6321549817864938e-04
3 1.8215901013407209e-04
4 2.0916687362242350e-04
5 2.5401389643408103e-04
6 3.4934854126735388e-04
7 4.7340881854284378e-04
8 6.5457326176374358e-04
9 9.9794753690031143e-04
10 1.2838351076120129e-03
11 2.0690618976642659e-03
12 2.6591903677388360e-03
13 4.0728410502206703e-03
14 6.4141812210140340e-03
15 8.4874465679720245e-03
16 1.3722956974195273e-02
17 1.6204662047107642e-02
18 1.7964733779342140e-02
19 1.7245581019923205e-02
20 1.5347750674086710e-02
21 1.4108016717522117e-02
22 1.0325424142680608e-02
23 7.1136823259636576e-03
24 5.3227450682836221e-03
25 3.3063607288783296e-03
26 2.3174517201637271e-03
27 1.6314347538821711e-03
28 1.0323206860836506e-03
29 7.4173358224010504e-04
30 4.8390762560898069e-04
31 3.5986263653664324e-04
32 2.9154450899255700e-04
33 1.9778524995638745e-04
34 1.4670774743070434e-04
35 1.0227331821462284e-04
36 8.6644471491893819e-05
37 6.5305847324183486e-05
38 4.5828907099734935e-05
39 2.7381205064410013e-05
40 1.6431047198458831e-05
41 1.2021230160342347e-05
42 8.7684874517449311e-06
43 5.7133604637420352e-06
44 3.7026617834542512e-06
45 2.1007277476950566e-06
46 1.4751552290827848e-06
47 9.5394112652049347e-07
48 6.4579315607321274e-07
49 5.2532725063968228e-07
50 3.6614567254024233e-07
51 2.7693739028098661e-07
52 1.9778218182440929e-07
53 1.2345219007348171e-07
54 8.3457209644836463e-08
55 5.8866141796915273e-08
56 3.7060680436005558e-08
57 2.4731615039236693e-08
58 1.6842118596586071e-08
59 1.0523475846461778e-08
60 6.9836708580062762e-09
61 4.5660146718648377e-09
62 2.9697974069133094e-09
63 2.2129746291702607e-09
64 1.6267137571358328e-09
65 1.2124260920034861e-09
66 8.5699038379788262e-10
67 5.8943257788138440e-10
68 4.0042491113775457e-10
69 2.6525658685557033e-10
70 1.7202284690319967e-10
71 1.0816139145012981e-10
72 6.4058750095404994e-11
73 3.5252808891725206e-11
74 1.8313724575696184e-11
75 9.8954381923857809e-12
76 5.3277565315304842e-12
77 3.3702254087405781e-12
78 2.2213059424088755e-12
79 1.2905686477128358e-12
80 7.6661532848992392e-13
81 4.2623646384528071e-13
82 2.2213351255901524e-13
83 1.3500841378072097e-13
84 6.9088459092401870e-14
85 3.9838518135895136e-14
86 2.4855555971443572e-14
87 1.7877235243307606e-14
88 1.8960809727640179e-14
89 2.4503954290482435e-14
90 3.3021190269242425e-14
91 5.4953741755659104e-14
92 7.9842276940135521e-14
93 1.0651308799106024e-13
94 1.6910580179092706e-13
95 3.1080081577958060e-13
96 5.9124885721283205e-13
97 1.1398779900076645e-12
98 2.0214551462137283e-12
99 2.9984563190840253e-12
100 4.6325663742720498e-12
101 7.2980064626049993e-12
102 9.3265755342858131e-12
103 1.0313395271780378e-11
104 9.1039284964767331e-12
105 6.4999766082937098e-12
106 3.7691442307196702e-12
107 1.9801574264003679e-12
108 1.0217411970959685e-12
109 5.4292025972649402e-13
110 2.9431340311249544e-13
111 1.6214346142956882e-13
112 9.0883888163329277e-14
113 4.8068590013635352e-14
114 2.8217467719503441e-14
115 1.4454115850640438e-14
116 8.7901153160519667e-15
117 5.1858347597457210e-15
118 3.3984894925171114e-15
119 1.9855985652630437e-15
120 1.4791365589874132e-15
