0 1.6271140801806952e-07
1 6.7777190260510692e-07
2 1.6321640074608363e-06
3 1.8216256440204672e-06
4 2.0917484561691968e-06
5 2.5402979281371581e-06
6 3.4938660176219920e-06
7 4.7349915380830355e-06
8 6.5480351112773726e-06
9 9.9865653551873146e-06
10 1.2856249182793342e-05
11 2.0750656665477687e-05
12 2.6743938935838606e-05
13 4.1221850492143140e-05
14 6.5886449469579515e-05
15 8.9986408033735342e-05
16 1.5632060018442215e-04
17 2.1245803703268169e-04
18 3.0182942487205988e-04
19 3.9965736833257303e-04
20 5.3353363583945931e-04
21 8.6463269939031004e-04
22 1.1645764958463410e-03
23 1.5101284872589215e-03
24 1.9873556110625874e-03
25 1.8612989670719836e-03
26 1.7128769263015863e-03
27 1.4007889439283869e-03
28 9.5806579066457604e-04
29 7.1482653327738731e-04
30 4.7421396063405469e-04
31 3.5587475964652331e-04
32 2.8983537235934855e-04
33 1.9722428795479390e-04
34 1.4651300388681963e-04
35 1.0328436671142439e-04
36 8.4456903381154502e-05
37 6.5049833146425243e-05
38 4.5777491168164496e-05
39 2.7374695550626304e-05
40 1.6431044675032004e-05
41 1.2021391240810254e-05
42 8.7685420364259496e-06
43 5.7134099623773199e-06
44 3.7026932116324424e-06
45 2.1007414072018611e-06
46 1.4751633969824890e-06
47 9.5394560123764422e-07
48 6.4578970373839933e-07
49 5.2532182910278974e-07
50 3.6614102964587395e-07
51 2.7694297635424012e-07
52 1.9779526776458575e-07
53 1.2346618668982246e-07
54 8.3449600718133393e-08
55 5.8818554395571734e-08
56 3.7106203841087143e-08
57 2.4718452025245041e-08
58 1.6603538188685251e-08
59 1.3278824728176623e-08
60 8.7724111601269062e-09
61 6.0436350802525275e-09
62 4.1212906521116194e-09
63 2.8717897624189299e-09
64 2.1530213297675912e-09
65 1.4388755949688099e-09
66 9.4990514477839507e-10
67 6.0240376842220814e-10
68 4.0308674947887580e-10
69 2.6624983683830063e-10
70 1.7211366059313847e-10
71 1.0814841814692509e-10
72 6.4057928483900829e-11
73 3.5252786676012729e-11
74 1.8315145722347306e-11
75 9.8965541377057881e-12
76 5.3269358664896221e-12
77 3.3711146356929884e-12
78 2.2217920538561847e-12
79 1.2869777569827794e-12
80 7.6754775736634285e-13
81 4.7854018161497618e-13
82 3.2263990107044933e-13
83 1.7041604746902717e-13
84 1.0004170888313619e-13
85 5.3645411457965332e-14
86 2.7506092836380861e-14
87 1.5640038574965325e-14
88 9.0481006918725691e-15
89 5.7188221455008231e-15
90 4.0098471690745399e-15
91 2.9309534495839269e-15
92 3.3353363251802943e-15
93 4.2760519325740210e-15
94 5.7263835239970666e-15
95 1.0768615470813639e-14
96 2.0563250623578877e-14
97 3.9694764424769570e-14
98 7.0783657312370270e-14
99 1.0686087236966481e-13
100 1.7031410780067999e-13
101 2.9140949409048204e-13
102 4.2892144867899911e-13
103 6.1130587904979478e-13
104 9.5665138651470083e-13
105 1.7750579785506614e-12
106 3.2013749851434902e-12
107 5.8884911908898439e-12
108 1.0241607736289083e-11
109 1.5562823958154769e-11
110 1.9307977658430424e-11
111 1.7639473113694724e-11
112 1.3627991644006146e-11
113 9.8973129056510807e-12
114 7.4588814243639585e-12
115 6.8378821761067293e-12
116 5.6528443604530685e-12
117 4.8097135298598349e-12
118 3.0540626140393438e-12
119 1.8737834919206310e-12
120 1.0818702062211044e-12
121 6.3231779841163209e-13
122 3.5222020413653764e-13
123 1.7966175210167314e-13
124 1.0471020432097623e-13
125 5.6494702328302811e-14
126 3.3210711868373638e-14
127 2.1446738677380297e-14
128 1.2748522580331795e-14
129 8.2536857242338908e-15
130 5.6320068118648234e-15
131 4.4254085556686343e-15
132 3.1819891925668082e-15
133 2.2230260688078502e-15
134 1.6614660829492410e-15
135 1.2588075271511916e-15
136 7.7243647238340274e-16
137 4.9066330355049980e-16
138 2.9844187897681179e-16
139 1.8148224448845152e-16
140 1.1801216002158543e-16
141 7.8147194837966920e-17
