0 1.6271140095271749e-01
1 2.1743825425746099e+01
2 5.9868356425940785e+00
3 2.5223654071906387e+00
4 1.4825815488720087e+00
5 9.8601609683132874e-01
6 6.4975293906134468e-01
7 3.8969722743427426e-01
8 2.4490970789005831e-01
9 1.4880445774321510e-01
10 9.5121917640464709e-02
11 5.6765322872462866e-02
12 3.3673452256075133e-02
13 1.9084203089029441e-02
14 1.0831659605985621e-02
15 6.6099033017373203e-03
16 4.0303943192149076e-03
17 2.6596592249615507e-03
18 1.7836834275666838e-03
19 1.1469682670290193e-03
20 6.7259815952095032e-04
21 4.9376678038088777e-03
22 1.0004946710560463e-04
23 5.9452615579236754e-05
24 3.8048400702013060e-05
25 2.4603702139528958e-05
26 1.6405421788051236e-05
27 1.1257415786907539e-05
28 7.7902545492218260e-06
29 5.4947448651510790e-06
30 3.8166101464350566e-06
31 2.4747617042303582e-06
32 1.5032640614366186e-06
33 8.5694330305613008e-07
34 4.8682777828767284e-07
35 2.7226897526577552e-07
36 1.4158828675068167e-07
37 7.6313123542645423e-08
38 4.0553340587955528e-08
39 2.4355290267636880e-08
40 1.4829474512290211e-08
41 6.9724480400767924e-09
42 5.4209629178774997e-09
43 3.5540805746335668e-09
44 2.9668761671997144e-10
45 1.3498746914202210e-10
46 7.9393217438367777e-11
47 2.1149147572876904e-11
48 3.2349066489443066e-11
49 7.7297035996526057e-12
