0 1.6271140095320063e-03
1 2.1734522430437007e+01
2 5.9975123214196682e+00
3 2.5194423951784111e+00
4 1.4819548073738216e+00
5 9.8847564247381603e-01
6 6.5399839490788791e-01
7 3.9486509205367137e-01
8 2.4955379077705639e-01
9 1.5257417223254693e-01
10 9.8066431015114974e-02
11 5.8855838207586587e-02
12 3.5107979532724432e-02
13 1.9994039616757657e-02
14 1.1400282838477976e-02
15 6.9872737056301294e-03
16 4.2861003885856942e-03
17 2.8452319087867695e-03
18 1.9260689086384910e-03
19 1.0421063415601360e-03
20 5.6855638717688648e-04
21 3.3858978682648790e-04
22 2.0048625635506138e-04
23 1.2172904035386389e-04
24 7.8997115690380604e-05
25 5.2896793133846180e-05
26 3.6271241661058317e-05
27 2.5175164186080820e-05
28 1.7416848743742345e-05
29 1.2412318747752816e-05
30 8.7199920445324567e-06
31 5.8256961183791994e-06
32 3.5882331007251652e-06
33 2.2041408062086477e-06
34 1.1158054820109752e-06
35 7.5272240530093976e-07
36 1.8012190096930831e-05
37 3.2719045382700550e-07
38 1.2448509117720245e-07
39 7.1061554618186960e-08
40 7.4511528022949823e-08
41 4.3763423850150669e-08
42 1.1473589940577499e-05
43 1.4489891848882632e-08
44 2.6870436100980536e-09
45 2.2509012256843705e-09
46 5.8488093937856485e-10
47 3.7346964032992513e-10
48 5.1994383199256277e-10
49 7.5066684608469332e-11
50 5.0011861106614138e-11
51 4.6000294598975309e-11
52 1.3368202311039141e-11
53 1.2065683327144316e-11
54 9.4334808366358434e-12
55 1.4805362039128948e-11
56 3.5324177505288240e-12
57 1.8008800887392476e-12
58 2.8627131563760754e-13
59 4.6801995603577863e-14
