0 1.6271140087690448e-05
1 2.1815433011287706e+01
2 6.0148567729724798e+00
3 2.5221548023041160e+00
4 1.4866784582873986e+00
5 9.8997116074647495e-01
6 6.5418265188523861e-01
7 3.9582761516126930e-01
8 2.5012971798864120e-01
9 1.5284938790086725e-01
10 9.8307292002697166e-02
11 5.8786374759526916e-02
12 3.5066406497237641e-02
13 1.9997010792328244e-02
14 1.1412677684829568e-02
15 7.0266111746639425e-03
16 4.5690039059749638e-03
17 3.1193997623466677e-03
18 2.0398925270490218e-03
19 1.3573590097846551e-03
20 8.4071207445244591e-04
21 4.8441703937432651e-04
22 2.8917513509934818e-04
23 1.6984871811624307e-04
24 1.1017583128441009e-04
25 6.9505798402809909e-05
26 4.7914141411013937e-05
27 3.0477030338899551e-05
28 1.9468809272791511e-05
29 1.2278289885917376e-05
30 1.0280910053937660e-05
31 4.7698978144452265e-05
32 2.8340900806470977e-06
33 1.4964357708343706e-06
34 1.6394093484440417e-06
35 1.4881874904446071e-06
36 4.1645971133992239e-07
37 3.6809816595321772e-07
38 2.5911056911753275e-07
39 2.1623722303620803e-08
40 9.8312596038473714e-09
41 6.9321536079695326e-09
42 9.4793397250371892e-10
43 2.6997622353370363e-10
44 1.4799992600118452e-10
45 9.4520135894943747e-11
46 1.0965216751082366e-10
47 2.0332120245332976e-11
48 4.9835187758275149e-12
49 1.2435095206792226e-12
50 1.6278111870142620e-12
51 4.3911409355756073e-13
52 3.7203415047764879e-13
53 1.0199575079981682e-13
54 5.1291922776558931e-14
55 8.1198382352079668e-15
56 6.8923161152667153e-15
57 1.6805227701842014e-15
58 7.8943017759919015e-16
