0 1.6271140801806952e-07
1 8.7753479723728239e-02
2 6.7721329128190566e-01
3 1.3198703192627472e+00
4 1.0728660725318593e+00
5 8.8029648946261507e-01
6 7.6381408980796084e-01
7 4.5091851225659002e-01
8 4.3939306188540184e-01
9 1.3200053855909968e-01
10 5.2200271982153032e-02
11 4.7080897769728285e-02
12 2.1336083875183598e-02
13 1.2100004108630760e-02
14 7.3643016470883345e-03
15 2.3294001880432291e-03
16 2.4277747845247387e-03
17 7.0099956605179441e-04
18 6.4129028758905411e-04
19 1.1859579405979162e-04
20 3.6793400261706769e-04
21 3.6128259852696507e-05
22 2.0195886911357557e-05
23 1.3385858427168392e-05
24 7.8380388396264970e-06
25 7.1261974038237248e-06
26 5.7424845708796075e-06
27 2.2351573897850324e-06
28 8.7055874189833722e-07
29 7.5338085813338056e-07
30 3.2340760927206239e-07
31 1.6399250532918766e-07
32 1.1628859610511559e-07
33 4.3850791775854224e-08
34 2.5176065228781231e-08
35 2.3697193642779110e-08
36 8.6264604156253327e-09
37 6.4729619224619056e-09
38 4.0242518432451912e-09
39 2.1802806609126415e-09
40 3.9510588699789545e-10
41 2.6696860663266092e-10
42 2.0855913228686558e-10
43 1.7478807921667366e-10
44 1.5900605303588947e-10
45 5.6366263794449615e-11
46 2.3665767081512968e-10
47 1.7476887318133948e-11
48 1.0009240332679711e-11
49 4.7449841744334599e-12
50 2.5115457215794911e-12
51 1.5280420816403830e-12
52 1.0285417529410641e-12
53 3.3492145709801430e-13
54 8.5856260707809503e-14
55 4.2839290894029265e-14
56 4.2679457368739724e-15
57 5.6415520212556259e-16
58 2.6768134010663412e-16
59 2.4911349528470249e-16
60 8.2306337361083117e-17
