0 1.0000000000000000e+00
1 9.5469222019030781e-06
2 5.7351158199779362e-06
3 5.6188499838944863e-06
4 5.6072807633773518e-06
5 5.6041814518134991e-06
6 5.6029323358724357e-06
7 5.6023800538197732e-06
8 5.6021085131519416e-06
9 5.6019479997704695e-06
10 5.6018445667792817e-06
11 5.6017745984258033e-06
12 5.6017252895831219e-06
13 5.6016890020662276e-06
14 5.6016616227961169e-06
15 5.6016406791487370e-06
16 5.6016244945392008e-06
17 5.6016117931127737e-06
18 5.6016018575942530e-06
19 5.6015939476228437e-06
20 5.6015875766466695e-06
21 5.6015824314254691e-06
22 5.6015782407766485e-06
23 5.6015748044755458e-06
24 5.6015719980634895e-06
25 5.6015696660477216e-06
26 5.6015676986476162e-06
27 5.6015660447133279e-06
28 5.6015646817947896e-06
29 5.6015634957332757e-06
30 5.6015624480889309e-06
31 5.6015615573500390e-06
32 5.6015607287048251e-06
33 5.6015600910506662e-06
34 5.6015595433963701e-06
35 5.6015590732737178e-06
36 5.6015586192695587e-06
37 5.6015582764788308e-06
38 5.6015579142360006e-06
39 5.6015576441780319e-06
40 5.6015573600538588e-06
41 5.6015571000394020e-06
42 5.6015568883584967e-06
43 5.6015566839554493e-06
44 5.6015565029254833e-06
45 5.6015563225568154e-06
46 5.6015561708975533e-06
47 5.6015560136360983e-06
48 5.6015558581095769e-06
49 5.6015557425397222e-06
50 5.6015555859079600e-06
51 5.6015554782199265e-06
52 5.6015553745453655e-06
53 5.6015552546103232e-06
54 5.6015551802686877e-06
55 5.6015550515839813e-06
56 5.6015549573918957e-06
57 5.6015548782113151e-06
58 5.6015547839779290e-06
59 5.6015547125127462e-06
60 5.6015546261423763e-06
61 5.6015545645220940e-06
62 5.6015544753667839e-06
63 5.6015543876914234e-06
64 5.6015542918859365e-06
65 5.6015542406500291e-06
66 5.6015530948094223e-06
67 5.6015522835475472e-06
68 5.6015520933401342e-06
69 5.6015519308767526e-06
70 5.6015516239829972e-06
71 5.6015513314650512e-06
72 5.6015511639991802e-06
73 5.6015509790799701e-06
74 5.6015508622780722e-06
75 5.6015506888160728e-06
76 5.6015505725103108e-06
77 5.6015504006849883e-06
78 5.6015502973082212e-06
79 5.6015501587716374e-06
80 5.6015500354418971e-06
81 5.6015498888339787e-06
82 5.6015497835484957e-06
83 5.6015496544304448e-06
84 5.6015495318399508e-06
85 5.6015494303590823e-06
86 5.6015493199800488e-06
87 5.6015492001645847e-06
88 5.6015491246017978e-06
89 5.6015490402832687e-06
90 5.6015489496350613e-06
91 5.6015488550216658e-06
92 5.6015488043334058e-06
93 5.6015486930530200e-06
94 5.6015486319356601e-06
95 5.6015485571718794e-06
96 5.6015484668474428e-06
97 5.6015483977010169e-06
98 5.6015482935803406e-06
99 5.6015482123285671e-06
100 5.6015481599885387e-06
101 5.6015480660292643e-06
102 5.6015479713133574e-06
103 5.6015479050187128e-06
104 5.6015478519270374e-06
105 5.6015477538042116e-06
106 5.6015476784002519e-06
107 5.6015475774214156e-06
108 5.6015474931553372e-06
109 5.6015474358693886e-06
110 5.6015473496456934e-06
111 5.6015472641366628e-06
112 5.6015471994343224e-06
113 5.6015471126243483e-06
114 5.6015470292312890e-06
115 5.6015469352160707e-06
116 5.6015468845380945e-06
117 5.6015468128844596e-06
118 5.6015467077105740e-06
119 5.6015466183089349e-06
120 5.6015465199884277e-06
121 5.6015464780930414e-06
122 5.6015463715364923e-06
123 5.6015462965047637e-06
124 5.6015462364322876e-06
125 5.6015461501304392e-06
126 5.6015460426229796e-06
127 5.6015459944232787e-06
128 5.6015459312348868e-06
129 5.6015458327685527e-06
130 5.6015457452677258e-06
131 5.6015456793226025e-06
132 5.6015455776030732e-06
133 5.6015455016911266e-06
134 5.6015454307044742e-06
135 5.6015453487840436e-06
136 5.6015452943974141e-06
137 5.6015451838534227e-06
138 5.6015451054054451e-06
139 5.6015450467911565e-06
140 5.6015449656050331e-06
141 5.6015448588900507e-06
142 5.6015448250301069e-06
143 5.6015447176874485e-06
144 5.6015446495211643e-06
145 5.6015445697435279e-06
146 5.6015444934672344e-06
147 5.6015444039484532e-06
148 5.6015443100038257e-06
149 5.6015442579803572e-06
150 5.6015441630085125e-06
151 5.6015440901219093e-06
152 5.6015440059993582e-06
153 5.6015439492172603e-06
154 5.6015438501690213e-06
155 5.6015437635533286e-06
156 5.6015374213612043e-06
157 5.6015311141111575e-06
158 5.6015303128735454e-06
159 5.6015294901247092e-06
160 5.6015292639732828e-06
161 5.6015290324107880e-06
162 5.6015289824926098e-06
163 5.6015289153710280e-06
164 5.6015288780618804e-06
165 5.6015288040893420e-06
166 5.6015287188907388e-06
167 5.6015286933534070e-06
168 5.6015286392029456e-06
169 5.6015285786588703e-06
170 5.6015285083548900e-06
171 5.6015284356612731e-06
172 5.6015283594635072e-06
173 5.6015283400026931e-06
174 5.6015282524503912e-06
175 5.6015281920219655e-06
176 5.6015281252256266e-06
177 5.6015280723624105e-06
178 5.6015279962108078e-06
179 5.6015279402303902e-06
180 5.6015278705254901e-06
181 5.6015278025923788e-06
182 5.6015277506950131e-06
183 5.6015276841537794e-06
184 5.6015276460442560e-06
185 5.6015275539937687e-06
186 5.6015275311741674e-06
187 5.6015274427732664e-06
188 5.6015273930162921e-06
189 5.6015273447997132e-06
190 5.6015272400447498e-06
191 5.6015271584703609e-06
192 5.6015270441251948e-06
193 5.6015269700729701e-06
194 5.6015269355890772e-06
195 5.6015268578143823e-06
196 5.6015268266690165e-06
197 5.6015267558790104e-06
198 5.6015267099469488e-06
199 5.6015266316753955e-06
200 5.6015265664040962e-06
201 5.6015265175779010e-06
202 5.6015264579594522e-06
203 5.6015263984533133e-06
204 5.6015263620344067e-06
205 5.6015262953593612e-06
206 5.6015262630886951e-06
207 5.6015261820076343e-06
208 5.6015261187134175e-06
209 5.6015260638002537e-06
210 5.6015259895427506e-06
211 5.6015259865144519e-06
212 5.6015258766624144e-06
213 5.6015258290211954e-06
214 5.6015257704584767e-06
215 5.6015257209424942e-06
216 5.6015256640466491e-06
217 5.6015256392121225e-06
218 5.6015255632756179e-06
219 5.6015254752792598e-06
220 5.6015254339781942e-06
221 5.6015253648076795e-06
222 5.6015253102789392e-06
223 5.6015252654466152e-06
224 5.6015252311210658e-06
225 5.6015251449756458e-06
226 5.6015251103342785e-06
227 5.6015250260561291e-06
228 5.6015249850732082e-06
229 5.6015249342778714e-06
230 5.6015248722611751e-06
231 5.6015248068545301e-06
232 5.6015247377574015e-06
233 5.6015246779945218e-06
234 5.6015246596661773e-06
235 5.6015245745301436e-06
236 5.6015245057525201e-06
237 5.6015244571325121e-06
238 5.6015244173211233e-06
239 5.6015243467507173e-06
240 5.6015243157826786e-06
241 5.6015242312494249e-06
242 5.6015242055114445e-06
243 5.6015241196400092e-06
244 5.6015240647756676e-06
245 5.6015240380243359e-06
246 5.6015239531324976e-06
247 5.6015238903843451e-06
248 5.6015238531017080e-06
249 5.6015237485841976e-06
250 5.6015237206387155e-06
251 5.6015236773076185e-06
252 5.6015236221563843e-06
253 5.6015235364816580e-06
254 5.6015235125901654e-06
255 5.6015234287821819e-06
256 5.6015233651216733e-06
257 5.6015233072232377e-06
258 5.6015232584202748e-06
259 5.6015232116301960e-06
260 5.6015231255778099e-06
261 5.6015230722267468e-06
262 5.6015230227943944e-06
263 5.6015229790659645e-06
264 5.6015229215737582e-06
265 5.6015228654416073e-06
266 5.6015228087216147e-06
267 5.6015227582898151e-06
268 5.6015226577699928e-06
269 5.6015226050886634e-06
270 5.6015225726804527e-06
271 5.6015224980880293e-06
272 5.6015224546596574e-06
273 5.6015224011146009e-06
274 5.6015223445981774e-06
275 5.6015222828679638e-06
276 5.6015222207133129e-06
277 5.6015221680288334e-06
278 5.6015218980782880e-06
279 5.6015216661578820e-06
280 5.6015215479113151e-06
281 5.6015215469156533e-06
282 5.6015214600026292e-06
283 5.6015214167599608e-06
284 5.6015213386953045e-06
285 5.6015212610844132e-06
286 5.6015211788774728e-06
287 5.6015211476308560e-06
288 5.6015210356152193e-06
289 5.6015209816090669e-06
290 5.6015209467506711e-06
291 5.6015208691647816e-06
292 5.6015208091225429e-06
293 5.6015207614161209e-06
294 5.6015206846248661e-06
295 5.6015206219181446e-06
296 5.6015205234317442e-06
297 5.6015204744083724e-06
298 5.6015204103156187e-06
299 5.6015203167827813e-06
300 5.6015202607150947e-06
301 5.6015202115323681e-06
302 5.6015201601436711e-06
303 5.6015200956310686e-06
304 5.6015200204961917e-06
305 5.6015199391022488e-06
306 5.6015198774218415e-06
307 5.6015198320153097e-06
308 5.6015197444061753e-06
309 5.6015196992114102e-06
310 5.6015196416507543e-06
311 5.6015195439395467e-06
312 5.6015194812413310e-06
313 5.6015194482278772e-06
314 5.6015193805119900e-06
315 5.6015193041410151e-06
316 5.6015192110054972e-06
317 5.6015191555120405e-06
318 5.6015191010374780e-06
319 5.6015190289859146e-06
320 5.6015189618441244e-06
321 5.6015189191538095e-06
322 5.6015188253524272e-06
323 5.6015187607293055e-06
324 5.6015186983576092e-06
325 5.6015186469620877e-06
326 5.6015185764559859e-06
327 5.6015185145353635e-06
328 5.6015184395266827e-06
329 5.6015183607232554e-06
330 5.6015183028595624e-06
331 5.6015182516774594e-06
332 5.6015182038086604e-06
333 5.6015181116327978e-06
334 5.6015180722881852e-06
335 5.6015179903314591e-06
336 5.6015178971924032e-06
337 5.6015178222203312e-06
338 5.6015178067687672e-06
339 5.6015177257520283e-06
340 5.6015176731596053e-06
341 5.6015175976592405e-06
342 5.6015175065509749e-06
343 5.6015174549157320e-06
344 5.6015174058750807e-06
345 5.6015173262490006e-06
346 5.6015172983766386e-06
347 5.6015171872190633e-06
348 5.6015171464838377e-06
349 5.6015170645432130e-06
350 5.6015170159752687e-06
351 5.6015169501636886e-06
352 5.6015168752974864e-06
353 5.6015168528708051e-06
354 5.6015167371142009e-06
355 5.6015166675764560e-06
356 5.6015166287247301e-06
357 5.6015166084340720e-06
358 5.6015165135064890e-06
359 5.6015164019312799e-06
360 5.6015163450751970e-06
361 5.6015163514122105e-06
362 5.6015162137466662e-06
363 5.6015161750279288e-06
364 5.6015161299302472e-06
365 5.6015160209945630e-06
366 5.6015160133777183e-06
367 5.6015159052975085e-06
368 5.6015158324752773e-06
369 5.6015157135939287e-06
370 5.6015156911198043e-06
371 5.6015156645367238e-06
372 5.6015155595635614e-06
373 5.6015155616717984e-06
374 5.6015154198675394e-06
375 5.6015153536119573e-06
376 5.6015152597669020e-06
377 5.6015152049167126e-06
378 5.6015151768811731e-06
379 5.6015151224505699e-06
380 5.6015150027944183e-06
381 5.6015149891509232e-06
382 5.6015149671281665e-06
383 5.6015148434580096e-06
384 5.6015148103415057e-06
385 5.6015147213897800e-06
386 5.6015146308556892e-06
387 5.6015145968578975e-06
388 5.6015145195869679e-06
389 5.6015144841055828e-06
390 5.6015143992182871e-06
391 5.6015143702755118e-06
392 5.6015142661885711e-06
393 5.6015142306077603e-06
394 5.6015141959862373e-06
395 5.6015140825270668e-06
396 5.6015140077041268e-06
397 5.6015139817903625e-06
398 5.6015138866749762e-06
399 5.6015138285130862e-06
400 5.6015137576445128e-06
401 5.6015137061938689e-06
402 5.6015137005353255e-06
403 5.6015135270180080e-06
404 5.6015134901057200e-06
405 5.6015135071090001e-06
406 5.6015133572893369e-06
407 5.6015133306475274e-06
408 5.6015132502070827e-06
409 5.6015131759194726e-06
410 5.6015131075253001e-06
411 5.6015131097715577e-06
412 5.6015130664305615e-06
413 5.6015129584014761e-06
414 5.6015128272237087e-06
415 5.6015127988721844e-06
416 5.6015127160510672e-06
417 5.6015127173599178e-06
418 5.6015126588200681e-06
419 5.6015124879899780e-06
420 5.6015124072658060e-06
421 5.6015123798416871e-06
422 5.6015123340843439e-06
423 5.6015122826669105e-06
424 5.6015122158067383e-06
425 5.6015121117580200e-06
426 5.6015121678459236e-06
427 5.6015121120217386e-06
428 5.6015119572167216e-06
429 5.6015119309216179e-06
430 5.6015118217533588e-06
431 5.6015118097563314e-06
432 5.6015116329746524e-06
433 5.6015116210835447e-06
434 5.6015116711082154e-06
435 5.6015114547584002e-06
436 5.6015114485019107e-06
437 5.6015113665871425e-06
438 5.6015113384572393e-06
439 5.6015113132396412e-06
440 5.6015111693548168e-06
441 5.6015110926660513e-06
442 5.6015111372540367e-06
443 5.6015110001817789e-06
444 5.6015109407030178e-06
445 5.6015108895005157e-06
446 5.6015108211538168e-06
447 5.6015107088762217e-06
448 5.6015105891445104e-06
449 5.6015105971037089e-06
450 5.6015106122912875e-06
451 5.6015103415139904e-06
452 5.6015101926009675e-06
453 5.6015101459375134e-06
454 5.6015100684791083e-06
455 5.6015099974976118e-06
456 5.6015100260765136e-06
457 5.6015098027140736e-06
458 5.6015098122655085e-06
459 5.6015097636707328e-06
460 5.6015097250755309e-06
461 5.6015096184397139e-06
462 5.6015095402583255e-06
463 5.6015094533429611e-06
464 5.6015093898265590e-06
465 5.6015094030781083e-06
466 5.6015093544578081e-06
467 5.6015093374477695e-06
468 5.6015092201216725e-06
469 5.6015091831149013e-06
470 5.6015090712599485e-06
471 5.6015090515416890e-06
472 5.6015089209365421e-06
473 5.6015089171489403e-06
474 5.6015087879421254e-06
475 5.6015087120247214e-06
476 5.6015086025133072e-06
477 5.6015085874218152e-06
478 5.6015085406513232e-06
479 5.6015084460955199e-06
480 5.6015084070020204e-06
481 5.6015082835701067e-06
482 5.6015082664037584e-06
483 5.6015082516639333e-06
484 5.6015081356260540e-06
485 5.6015080626658250e-06
486 5.6015079471403972e-06
487 5.6015079203296284e-06
488 5.6015078728091598e-06
489 5.6015077825985373e-06
490 5.6015077439696099e-06
491 5.6015076441023240e-06
492 5.6015075430704532e-06
493 5.6015074691284724e-06
494 5.6015073750842500e-06
495 5.6015074217514150e-06
496 5.6015073888760783e-06
497 5.6015073091690269e-06
498 5.6015071822393542e-06
499 5.6015072007726562e-06
500 5.6015070789522151e-06
501 5.6015069968020496e-06
502 5.6015069588285267e-06
503 5.6015068167752713e-06
504 5.6015067635583664e-06
505 5.6015066933668408e-06
506 5.6015066391634635e-06
507 5.6015066281254849e-06
508 5.6015065901819470e-06
509 5.6015063664345204e-06
510 5.6015064662038775e-06
511 5.6015062416117032e-06
512 5.6015063672568547e-06
513 5.6015062778859519e-06
514 5.6015062225518161e-06
515 5.6015061852933982e-06
516 5.6015061147255468e-06
517 5.6015059883006829e-06
518 5.6015058379547861e-06
519 5.6015058826598459e-06
520 5.6015058144822233e-06
521 5.6015056926561197e-06
522 5.6015057569182513e-06
523 5.6015056000125611e-06
524 5.6015054772117709e-06
525 5.6015053222653848e-06
526 5.6015052484963529e-06
527 5.6015054092938096e-06
528 5.6015052977971009e-06
529 5.6015050418992657e-06
530 5.6015051649163941e-06
531 5.6015050690345565e-06
532 5.6015048464474304e-06
533 5.6015049440686450e-06
534 5.6015050085743350e-06
535 5.6015048982366664e-06
536 5.6015046637331131e-06
537 5.6015047362255775e-06
538 5.6015047097416550e-06
539 5.6015045776700298e-06
540 5.6015045289571887e-06
541 5.6015044779881449e-06
542 5.6015043738496157e-06
543 5.6015042496879340e-06
544 5.6015041185848123e-06
545 5.6015041853574529e-06
546 5.6015040620785201e-06
547 5.6015040037080821e-06
548 5.6015040181922464e-06
549 5.6015039058306214e-06
550 5.6015038674522769e-06
551 5.6015039094607149e-06
552 5.6015038854107840e-06
553 5.6015036131487135e-06
554 5.6015036989524031e-06
555 5.6015036526716994e-06
556 5.6015036450049128e-06
557 5.6015035039974992e-06
558 5.6015034221784304e-06
559 5.6015032730297232e-06
560 5.6015033319553032e-06
561 5.6015031216557351e-06
562 5.6015031765357248e-06
563 5.6015030993886687e-06
564 5.6015031037438351e-06
565 5.6015029042543276e-06
566 5.6015028147145433e-06
567 5.6015029222414237e-06
568 5.6015027878034714e-06
569 5.6015026856372017e-06
570 5.6015027043797318e-06
571 5.6015025511500469e-06
572 5.6015025381491669e-06
573 5.6015024728171405e-06
574 5.6015023708049096e-06
575 5.6015023276526416e-06
576 5.6015021242771603e-06
577 5.6015023288345219e-06
578 5.6015020632181822e-06
579 5.6015021429139486e-06
580 5.6015018856741997e-06
581 5.6015017881913860e-06
582 5.6015018917956628e-06
583 5.6015018634290596e-06
584 5.6015018159824328e-06
585 5.6015015378583904e-06
586 5.6015015812260369e-06
587 5.6015016574958591e-06
588 5.6015014992176639e-06
589 5.6015013172704340e-06
590 5.6015013834670185e-06
591 5.6015013443263070e-06
592 5.6015012676427829e-06
593 5.6015011693244204e-06
594 5.6015009884547977e-06
595 5.6015009576334346e-06
596 5.6015010567713566e-06
597 5.6015009502908643e-06
598 5.6015009120308163e-06
599 5.6015007927859280e-06
600 5.6015008178108837e-06
601 5.6015006459720416e-06
602 5.6015006517022263e-06
603 5.6015004046591177e-06
604 5.6015005306865588e-06
605 5.6015005092023008e-06
606 5.6015004237754680e-06
607 5.6015004469278592e-06
608 5.6015002074495332e-06
609 5.6015002149772056e-06
610 5.6015002502211835e-06
611 5.6014999283502246e-06
612 5.6015000339620169e-06
613 5.6014998551862969e-06
614 5.6014998359332872e-06
615 5.6014997545465313e-06
616 5.6014997244618819e-06
617 5.6014997213978868e-06
618 5.6014996220902795e-06
619 5.6014996765497605e-06
620 5.6014995065054087e-06
621 5.6014994580213698e-06
622 5.6014994396866488e-06
623 5.6014993242897845e-06
624 5.6014991707303455e-06
625 5.6014992073899171e-06
626 5.6014991524515058e-06
627 5.6014990954148016e-06
628 5.6014989974307037e-06
629 5.6014989921692069e-06
630 5.6014989515471000e-06
631 5.6014988392618901e-06
632 5.6014986085544734e-06
633 5.6014987948721434e-06
634 5.6014986858264186e-06
635 5.6014985541598717e-06
636 5.6014983825611677e-06
637 5.6014984653486128e-06
638 5.6014982409860777e-06
639 5.6014983282140803e-06
640 5.6014983333917098e-06
641 5.6014981431234332e-06
642 5.6014980228228174e-06
643 5.6014980098962561e-06
644 5.6014980076467407e-06
645 5.6014980204679820e-06
646 5.6014977647933586e-06
647 5.6014977668746278e-06
648 5.6014977468458358e-06
649 5.6014976641988813e-06
650 5.6014974670267704e-06
651 5.6014976510808761e-06
652 5.6014975889139771e-06
653 5.6014974741093024e-06
654 5.6014972699068705e-06
655 5.6014972769492829e-06
656 5.6014971074920307e-06
657 5.6014971452509519e-06
658 5.6014971725407611e-06
659 5.6014971786427330e-06
660 5.6014969746825026e-06
661 5.6014971009196640e-06
662 5.6014968525500917e-06
663 5.6014968463360979e-06
664 5.6014966741255583e-06
665 5.6014968339098357e-06
666 5.6014966028048175e-06
667 5.6014966624720443e-06
668 5.6014965404133582e-06
669 5.6014964174081755e-06
670 5.6014963886290724e-06
671 5.6014963664501915e-06
672 5.6014962147175247e-06
673 5.6014963623921439e-06
674 5.6014961180842418e-06
675 5.6014960848824180e-06
676 5.6014960955166863e-06
677 5.6014961176875992e-06
678 5.6014959230099240e-06
679 5.6014958948974257e-06
680 5.6014958611504133e-06
681 5.6014958723158754e-06
682 5.6014957115622019e-06
683 5.6014954710510886e-06
684 5.6014954046273909e-06
685 5.6014954717502212e-06
686 5.6014953539937992e-06
687 5.6014954139781713e-06
688 5.6014953563843736e-06
689 5.6014954020006409e-06
690 5.6014953477916165e-06
691 5.6014951049647338e-06
692 5.6014950090608852e-06
693 5.6014951060942869e-06
694 5.6014948643532691e-06
695 5.6014948909355406e-06
696 5.6014948993363897e-06
697 5.6014946987200683e-06
698 5.6014946944914562e-06
699 5.6014945580312111e-06
700 5.6014945801447239e-06
701 5.6014944949911668e-06
702 5.6014944534133137e-06
703 5.6014943026288868e-06
704 5.6014942511306498e-06
705 5.6014942468613336e-06
706 5.6014940814748599e-06
707 5.6014939191463259e-06
708 5.6014939232903296e-06
709 5.6014938791616833e-06
710 5.6014938713281405e-06
711 5.6014937803283781e-06
712 5.6014935316669622e-06
713 5.6014935770610266e-06
714 5.6014935689654516e-06
715 5.6014934522248331e-06
716 5.6014933410292217e-06
717 5.6014932052225718e-06
718 5.6014932725401358e-06
719 5.6014931352117386e-06
720 5.6014932815630280e-06
721 5.6014930108359312e-06
722 5.6014929740379994e-06
723 5.6014929353547535e-06
724 5.6014927638132302e-06
725 5.6014926993609474e-06
726 5.6014926290103295e-06
727 5.6014926604903903e-06
728 5.6014925938498936e-06
729 5.6014925383476879e-06
730 5.6014925317037529e-06
731 5.6014924284870589e-06
732 5.6014924414057496e-06
733 5.6014923955688073e-06
734 5.6014923149193479e-06
735 5.6014921152022570e-06
736 5.6014922446593380e-06
737 5.6014920702367736e-06
738 5.6014920074236342e-06
739 5.6014920289123027e-06
740 5.6014919705593932e-06
741 5.6014918372043353e-06
742 5.6014917856989223e-06
743 5.6014917153292970e-06
744 5.6014917606581965e-06
745 5.6014914891989608e-06
746 5.6014915180186936e-06
747 5.6014915589928087e-06
748 5.6014914896188436e-06
749 5.6014911782438197e-06
750 5.6014912602564449e-06
751 5.6014913045087393e-06
752 5.6014909821577143e-06
753 5.6014910393449320e-06
754 5.6014911314799854e-06
755 5.6014909759027479e-06
756 5.6014909712551602e-06
757 5.6014909601368567e-06
758 5.6014907819230846e-06
759 5.6014905978486027e-06
760 5.6014906186711628e-06
761 5.6014905697527129e-06
762 5.6014905935840069e-06
763 5.6014905793853368e-06
764 5.6014902563283226e-06
765 5.6014902647727726e-06
766 5.6014902042700283e-06
767 5.6014902512989585e-06
768 5.6014901478411931e-06
769 5.6014900517246147e-06
770 5.6014899204049329e-06
771 5.6014900099962252e-06
772 5.6014898759465317e-06
773 5.6014896714982781e-06
774 5.6014897536675671e-06
775 5.6014896775432982e-06
776 5.6014896673775509e-06
777 5.6014896346035109e-06
778 5.6014894733912385e-06
779 5.6014892751165710e-06
780 5.6014893547300422e-06
781 5.6014893301637490e-06
782 5.6014893821634506e-06
783 5.6014893460594623e-06
784 5.6014890903124430e-06
785 5.6014891409591035e-06
786 5.6014889324206956e-06
787 5.6014888547344293e-06
788 5.6014889499943507e-06
789 5.6014887777347425e-06
790 5.6014888216530383e-06
791 5.6014885505812093e-06
792 5.6014885896585534e-06
793 5.6014884276469724e-06
794 5.6014884637010594e-06
795 5.6014885185604823e-06
796 5.6014881885831555e-06
797 5.6014884077755625e-06
798 5.6014881942162727e-06
799 5.6014881469851709e-06
800 5.6014881252685667e-06
801 5.6014879747931585e-06
802 5.6014880913664804e-06
803 5.6014878540705712e-06
804 5.6014876957375451e-06
805 5.6014876572624981e-06
806 5.6014877794862752e-06
807 5.6014875806840612e-06
808 5.6014874310371978e-06
809 5.6014875513325002e-06
810 5.6014873755158398e-06
811 5.6014873452178838e-06
812 5.6014873147530284e-06
813 5.6014872903839100e-06
814 5.6014871174477241e-06
815 5.6014868373807151e-06
816 5.6014869815414156e-06
817 5.6014867902956681e-06
818 5.6014868824160830e-06
819 5.6014866712099203e-06
820 5.6014867661397377e-06
821 5.6014866339811239e-06
822 5.6014864955407038e-06
823 5.6014865671963691e-06
824 5.6014865347433308e-06
825 5.6014861769608974e-06
826 5.6014863637578440e-06
827 5.6014861457302895e-06
828 5.6014860309872491e-06
829 5.6014860149185123e-06
830 5.6014859629188454e-06
831 5.6014858533612069e-06
832 5.6014857729185515e-06
833 5.6014858388535663e-06
834 5.6014856922281270e-06
835 5.6014857196860129e-06
836 5.6014856685215527e-06
837 5.6014856806306112e-06
838 5.6014856306744020e-06
839 5.6014854775982096e-06
840 5.6014853085326272e-06
841 5.6014850598510087e-06
842 5.6014849140136438e-06
843 5.6014848046172346e-06
844 5.6014849464392847e-06
845 5.6014847958518480e-06
846 5.6014847150244058e-06
847 5.6014844441441332e-06
848 5.6014846677642338e-06
849 5.6014844143471311e-06
850 5.6014844407210037e-06
851 5.6014843075896946e-06
852 5.6014843956609956e-06
853 5.6014840724847734e-06
854 5.6014839643807467e-06
855 5.6014839687767715e-06
856 5.6014840230484145e-06
857 5.6014839089912235e-06
858 5.6014837862141908e-06
859 5.6014837634165269e-06
860 5.6014837908761043e-06
861 5.6014835947320559e-06
862 5.6014835974065006e-06
863 5.6014836611240611e-06
864 5.6014833977117375e-06
865 5.6014832963410782e-06
866 5.6014833617943811e-06
867 5.6014833520460653e-06
868 5.6014832229044880e-06
869 5.6014831794216629e-06
870 5.6014830051153444e-06
871 5.6014830106944489e-06
872 5.6014829344666141e-06
873 5.6014830246456770e-06
874 5.6014827458636332e-06
875 5.6014828257840911e-06
876 5.6014826341775813e-06
877 5.6014824794489903e-06
878 5.6014826441888602e-06
879 5.6014825432103847e-06
880 5.6014825080025268e-06
881 5.6014823977391151e-06
882 5.6014823721039255e-06
883 5.6014823526612981e-06
884 5.6014820037072663e-06
885 5.6014819804081326e-06
886 5.6014820796334811e-06
887 5.6014818316520471e-06
888 5.6014820364950968e-06
889 5.6014818281142345e-06
890 5.6014817568057824e-06
891 5.6014818562636381e-06
892 5.6014816306855776e-06
893 5.6014816433407580e-06
894 5.6014814163016920e-06
895 5.6014814278678464e-06
896 5.6014813855535210e-06
897 5.6014812058864538e-06
898 5.6014811533741101e-06
899 5.6014811205869792e-06
900 5.6014811364018382e-06
901 5.6014810984068260e-06
902 5.6014811427046959e-06
903 5.6014810555742969e-06
904 5.6014809776620896e-06
905 5.6014806114944874e-06
906 5.6014806799282960e-06
907 5.6014806601515802e-06
908 5.6014805411357117e-06
909 5.6014804311305747e-06
910 5.6014803503426296e-06
911 5.6014804073697860e-06
912 5.6014803268216826e-06
913 5.6014802634920047e-06
914 5.6014801217910058e-06
915 5.6014800369342973e-06
916 5.6014801906685174e-06
917 5.6014800534782831e-06
918 5.6014800694961369e-06
919 5.6014798419406332e-06
920 5.6014797868028939e-06
921 5.6014796884549478e-06
922 5.6014795474882468e-06
923 5.6014796220898021e-06
924 5.6014794332823465e-06
925 5.6014794694529386e-06
926 5.6014793480197762e-06
927 5.6014795045166095e-06
928 5.6014792960952285e-06
929 5.6014791658892865e-06
930 5.6014790184348078e-06
931 5.6014792584222506e-06
932 5.6014790102093581e-06
933 5.6014789686928810e-06
934 5.6014789488781503e-06
935 5.6014789252405380e-06
936 5.6014789035753504e-06
937 5.6014787743116683e-06
938 5.6014785209384122e-06
939 5.6014784937762221e-06
940 5.6014785520107613e-06
941 5.6014783908372127e-06
942 5.6014783601752358e-06
943 5.6014781981847213e-06
944 5.6014781397045070e-06
945 5.6014780510669162e-06
946 5.6014779597186184e-06
947 5.6014780198406358e-06
948 5.6014779120247537e-06
949 5.6014779346083953e-06
950 5.6014777186032411e-06
951 5.6014778087040822e-06
952 5.6014777050908261e-06
953 5.6014777798923158e-06
954 5.6014777717359382e-06
955 5.6014775263501021e-06
956 5.6014776364714071e-06
957 5.6014774430054236e-06
958 5.6014773752923960e-06
959 5.6014773202576763e-06
960 5.6014770654656943e-06
961 5.6014772717650519e-06
962 5.6014770947612808e-06
963 5.6014770185640519e-06
964 5.6014771088619475e-06
965 5.6014768882964917e-06
966 5.6014768166223365e-06
967 5.6014767676819138e-06
968 5.6014767085358477e-06
969 5.6014767826942336e-06
970 5.6014765567512061e-06
971 5.6014764913884493e-06
972 5.6014763386682353e-06
973 5.6014764559638899e-06
974 5.6014763954148620e-06
975 5.6014762468082432e-06
976 5.6014763526375111e-06
977 5.6014762147352263e-06
978 5.6014760491921972e-06
979 5.6014759334008265e-06
980 5.6014759123200204e-06
981 5.6014759477185886e-06
982 5.6014756623906055e-06
983 5.6014756590922016e-06
984 5.6014756688036478e-06
985 5.6014755298267128e-06
986 5.6014755415146748e-06
987 5.6014754194378351e-06
988 5.6014754119094935e-06
989 5.6014753637748812e-06
990 5.6014752885278953e-06
991 5.6014750767560289e-06
992 5.6014750733163348e-06
993 5.6014750757999616e-06
994 5.6014748850420119e-06
995 5.6014748902491054e-06
996 5.6014749630477680e-06
997 5.6014750016829736e-06
998 5.6014748046095988e-06
999 5.6014747692197152e-06
1000 5.6014746172450994e-06
