0 1.0000000000000000e+00
1 9.0320203503034195e-07
2 2.0133404228705514e-07
3 9.9237698700714340e-08
4 6.7998825466164542e-08
5 5.7106466812770873e-08
6 5.3222098889100379e-08
7 5.1665709445678287e-08
8 5.0971710418623656e-08
9 5.0629650586784673e-08
10 5.0445442714199462e-08
11 5.0340581756398558e-08
12 5.0277066670265690e-08
13 5.0237223608523885e-08
14 5.0210891909097977e-08
15 5.0193057493206208e-08
16 5.0180432568152209e-08
17 5.0171347477333024e-08
18 5.0164563898159402e-08
19 5.0159420862828035e-08
20 5.0155431217394721e-08
21 5.0152271915096407e-08
22 5.0149723144760270e-08
23 5.0147767215517272e-08
24 5.0146048398149848e-08
25 5.0144700613680453e-08
26 5.0143562134675415e-08
27 5.0142602437939043e-08
28 5.0141741768534315e-08
29 5.0141127644020123e-08
30 5.0140505571021971e-08
31 5.0140053091532628e-08
32 5.0139179374189196e-08
33 5.0138561652907182e-08
34 5.0138303764956007e-08
35 5.0138041488639872e-08
36 5.0137809856341579e-08
37 5.0137633535730810e-08
38 5.0137478523347037e-08
39 5.0137370986839990e-08
40 5.0137236298472590e-08
41 5.0137099568673068e-08
42 5.0136966168905751e-08
43 5.0136907179088084e-08
44 5.0136843719247916e-08
45 5.0136743477325163e-08
46 5.0136674048735513e-08
47 5.0136638457307303e-08
48 5.0136559284668361e-08
49 5.0136540500908868e-08
50 5.0136523549679428e-08
51 5.0136456584394394e-08
52 5.0136441114051284e-08
53 5.0136426737958241e-08
54 5.0136339640359177e-08
55 5.0136317638926949e-08
56 5.0136309817281890e-08
57 5.0136301434392886e-08
58 5.0136276750616360e-08
59 5.0136272753617112e-08
60 5.0136215065025871e-08
61 5.0136184207898346e-08
62 5.0136213000792675e-08
63 5.0136218640029315e-08
64 5.0136204825618577e-08
65 5.0136134764201241e-08
66 5.0136153432341504e-08
67 5.0136185329632171e-08
68 5.0136171412152625e-08
69 5.0136179694112624e-08
70 5.0136113494406632e-08
71 5.0136107604484127e-08
72 5.0136096999795290e-08
73 5.0136079136300778e-08
74 5.0136089386841249e-08
75 5.0136089441175878e-08
76 5.0136091489602532e-08
77 5.0136096892310561e-08
78 5.0136067111788918e-08
79 5.0136047707449122e-08
80 5.0136091245290033e-08
81 5.0136049537783910e-08
82 5.0136068695385087e-08
83 5.0136000429673298e-08
84 5.0135981446966763e-08
85 5.0136024508836078e-08
86 5.0136007165819880e-08
87 5.0135954147658818e-08
88 5.0136016893491657e-08
89 5.0136014398108758e-08
90 5.0136070305257799e-08
91 5.0135987683832627e-08
92 5.0135995317238987e-08
93 5.0136002466938506e-08
94 5.0135969124834260e-08
95 5.0136024042880084e-08
96 5.0135969958345980e-08
97 5.0135949041906221e-08
98 5.0135971574562367e-08
99 5.0135945666820420e-08
100 5.0135945033912399e-08
101 5.0135938916400002e-08
102 5.0135931057317682e-08
103 5.0135871946127069e-08
104 5.0135984783991932e-08
105 5.0135903575910809e-08
106 5.0135947062136391e-08
107 5.0135969891768780e-08
108 5.0135899243848646e-08
109 5.0135883641409220e-08
110 5.0135909960042165e-08
111 5.0135929730287985e-08
112 5.0135909497222370e-08
113 5.0135948711429811e-08
114 5.0135849144918948e-08
115 5.0135941732594492e-08
116 5.0135875473995286e-08
117 5.0135873758383593e-08
118 5.0135848427907801e-08
119 5.0135822601282447e-08
120 5.0135867659299053e-08
121 5.0135864951225434e-08
122 5.0135873916153353e-08
123 5.0135888395314965e-08
124 5.0135938205611550e-08
125 5.0135844631428542e-08
126 5.0135862251360258e-08
127 5.0135925277636878e-08
128 5.0135838600158889e-08
129 5.0135872185869190e-08
130 5.0135845452450179e-08
131 5.0135963221186102e-08
132 5.0135868354792301e-08
133 5.0135738618813726e-08
134 5.0135841060934417e-08
135 5.0135884909705195e-08
136 5.0135857554004788e-08
137 5.0135768833289730e-08
138 5.0135858726339481e-08
139 5.0135775286555141e-08
140 5.0135805017279023e-08
141 5.0135802094810862e-08
142 5.0135776903658193e-08
143 5.0135881982189672e-08
144 5.0135902361904549e-08
145 5.0135756857726733e-08
146 5.0135863916964483e-08
147 5.0135814672044596e-08
148 5.0135731493519290e-08
149 5.0135709104439595e-08
150 5.0135798228385872e-08
151 5.0135981929582671e-08
152 5.0135931740852650e-08
153 5.0135670968701779e-08
154 5.0135690211868642e-08
155 5.0135840779795341e-08
156 5.0135733971384449e-08
157 5.0135964435225706e-08
158 5.0135688377231357e-08
159 5.0135967159346107e-08
160 5.0135771100591187e-08
161 5.0135935259594147e-08
162 5.0135645704629387e-08
163 5.0135838131883587e-08
164 5.0135634726611916e-08
165 5.0135629059377516e-08
166 5.0135621106075942e-08
167 5.0135638690971657e-08
168 5.0135685589443460e-08
169 5.0135651622687812e-08
170 5.0135756926436702e-08
171 5.0135592027596104e-08
172 5.0135613282455007e-08
173 5.0135992961094414e-08
174 5.0135662431262078e-08
175 5.0135584906697696e-08
176 5.0135900131335543e-08
177 5.0135619171636265e-08
178 5.0135684430276146e-08
179 5.0135674000200437e-08
180 5.0135482722912650e-08
181 5.0135680067949986e-08
182 5.0135551821127118e-08
183 5.0135455375063438e-08
184 5.0135854768735061e-08
185 5.0135560322340670e-08
186 5.0135703297020832e-08
187 5.0135645442945711e-08
188 5.0135831914449638e-08
189 5.0135870462735692e-08
190 5.0135694596845191e-08
191 5.0135484805835701e-08
192 5.0135640791110049e-08
193 5.0135437017229447e-08
194 5.0135801623879198e-08
195 5.0135585366614795e-08
196 5.0135586368538444e-08
197 5.0135587680538653e-08
198 5.0135621684363983e-08
199 5.0135601024699482e-08
200 5.0135675541307395e-08
201 5.0135825418725483e-08
202 5.0135859302575380e-08
203 5.0135586567220815e-08
204 5.0135734525805589e-08
205 5.0135773128595857e-08
206 5.0135477700952231e-08
207 5.0135844498469403e-08
208 5.0135815885337819e-08
209 5.0135514388004939e-08
210 5.0135802959082121e-08
211 5.0135545173667619e-08
212 5.0135590053599697e-08
213 5.0135462830677661e-08
214 5.0135597748441396e-08
215 5.0135755232519667e-08
216 5.0135431366941741e-08
217 5.0135505437257112e-08
218 5.0135748755332722e-08
219 5.0135526646714659e-08
220 5.0135402771442431e-08
221 5.0135483258240345e-08
222 5.0135549988243820e-08
223 5.0135544720629909e-08
224 5.0135365687779873e-08
225 5.0135575198149084e-08
226 5.0135284201478747e-08
227 5.0135484554530786e-08
228 5.0135649231520214e-08
229 5.0135339099456985e-08
230 5.0135793350381819e-08
231 5.0135625834983258e-08
232 5.0135429707194584e-08
233 5.0135592062075070e-08
234 5.0135707515438887e-08
235 5.0135684883350410e-08
236 5.0135564586442870e-08
237 5.0135598610848726e-08
238 5.0135665447043134e-08
239 5.0135322628807953e-08
240 5.0135729400933731e-08
241 5.0135450136156652e-08
242 5.0135572069265294e-08
243 5.0135419388459001e-08
244 5.0135341983193062e-08
245 5.0135478501561870e-08
246 5.0135303920641896e-08
247 5.0135477138021433e-08
248 5.0135492026061606e-08
249 5.0135403228126829e-08
250 5.0135354041361193e-08
251 5.0135342989646761e-08
252 5.0135332354481216e-08
253 5.0135299300300276e-08
254 5.0135698216624378e-08
255 5.0135557450606911e-08
256 5.0135667556268754e-08
257 5.0135528936825006e-08
258 5.0135243237494406e-08
259 5.0135566639141277e-08
260 5.0135577638999121e-08
261 5.0135272432641565e-08
262 5.0135449088081685e-08
263 5.0135621926972312e-08
264 5.0135647025200749e-08
265 5.0135360490387046e-08
266 5.0135645182029758e-08
267 5.0135677327815501e-08
268 5.0135624785513287e-08
269 5.0135365097320961e-08
270 5.0135312150291563e-08
271 5.0135205473625607e-08
272 5.0135360596785071e-08
273 5.0135636894061490e-08
274 5.0135322082645450e-08
275 5.0135684202891613e-08
276 5.0135623358681497e-08
277 5.0135206139310230e-08
278 5.0135382617024434e-08
279 5.0135382914175179e-08
280 5.0135236343752368e-08
281 5.0135600612971927e-08
282 5.0135401897881047e-08
283 5.0135444600510024e-08
284 5.0135594656860918e-08
285 5.0135459719475995e-08
286 5.0135122432556841e-08
287 5.0135294300538043e-08
288 5.0135590216748043e-08
289 5.0135364579834818e-08
290 5.0135508577051977e-08
291 5.0135400405050640e-08
292 5.0135502458560463e-08
293 5.0135529735592805e-08
294 5.0135412487699010e-08
295 5.0135589944881026e-08
296 5.0135386758294714e-08
297 5.0135513493162143e-08
298 5.0135524651738483e-08
299 5.0135378774202388e-08
300 5.0135355503908016e-08
301 5.0135459736659031e-08
302 5.0135321442606537e-08
303 5.0135524052171175e-08
304 5.0135280149337568e-08
305 5.0135394437180305e-08
306 5.0135470671993856e-08
307 5.0135081610488582e-08
308 5.0135420095260700e-08
309 5.0135499325525305e-08
310 5.0135404157356449e-08
311 5.0135483631520803e-08
312 5.0135235211643600e-08
313 5.0135077173728853e-08
314 5.0135265095736812e-08
315 5.0135051551947962e-08
316 5.0135341336733691e-08
317 5.0135033770787355e-08
318 5.0135469351273311e-08
319 5.0135410993511735e-08
320 5.0135062674434213e-08
321 5.0135061487002574e-08
322 5.0135045504108366e-08
323 5.0135336580142600e-08
324 5.0135337460951138e-08
325 5.0135218588433579e-08
326 5.0135273492696748e-08
327 5.0135252448614073e-08
328 5.0135102733791893e-08
329 5.0135289358844292e-08
330 5.0135224809192489e-08
331 5.0135422117514361e-08
332 5.0135367382272150e-08
333 5.0135288806266387e-08
334 5.0135216257268670e-08
335 5.0135168950927937e-08
336 5.0135275725946137e-08
337 5.0134970405179119e-08
338 5.0135434318364710e-08
339 5.0135262578797210e-08
340 5.0135006868266244e-08
341 5.0135312307523192e-08
342 5.0135232378691927e-08
343 5.0135174370273393e-08
344 5.0135165003377625e-08
345 5.0135165865417104e-08
346 5.0135200314770913e-08
347 5.0135170859439439e-08
348 5.0135400105848897e-08
349 5.0135116567447921e-08
350 5.0135054016566425e-08
351 5.0135354912221667e-08
352 5.0135321477107585e-08
353 5.0134998058344686e-08
354 5.0135338567417525e-08
355 5.0134978615003000e-08
356 5.0135124464480990e-08
357 5.0134945605563201e-08
358 5.0134934962737678e-08
359 5.0135224479037522e-08
360 5.0134934505396155e-08
361 5.0135178509971289e-08
362 5.0135161901313380e-08
363 5.0135260675983314e-08
364 5.0134959137523133e-08
365 5.0135048227460124e-08
366 5.0135071266865471e-08
367 5.0134930317032047e-08
368 5.0135100287026039e-08
369 5.0135304073633563e-08
370 5.0134905745800961e-08
371 5.0135258484105787e-08
372 5.0134929366917347e-08
373 5.0135255864267524e-08
374 5.0135304204890119e-08
375 5.0134846052549166e-08
376 5.0135002846495703e-08
377 5.0135032941220611e-08
378 5.0135058519814429e-08
379 5.0135137663195470e-08
380 5.0135269357110872e-08
381 5.0134886040114728e-08
382 5.0134939665626947e-08
383 5.0135292282780188e-08
384 5.0135045260135819e-08
385 5.0134948207850551e-08
386 5.0134891323799004e-08
387 5.0134875427210730e-08
388 5.0134972640927070e-08
389 5.0135040060414941e-08
390 5.0134878599524672e-08
391 5.0134860819640504e-08
392 5.0135001974699681e-08
393 5.0135138058045212e-08
394 5.0134942023799270e-08
395 5.0135280620144255e-08
396 5.0135050847046799e-08
397 5.0135232390521714e-08
398 5.0134978461696733e-08
399 5.0134930826172196e-08
400 5.0135034016351094e-08
401 5.0134859608269669e-08
402 5.0135230891282775e-08
403 5.0135041290839484e-08
404 5.0134836012736357e-08
405 5.0134834409077141e-08
406 5.0134830860280738e-08
407 5.0135157411810100e-08
408 5.0134789864169894e-08
409 5.0135223910843652e-08
410 5.0134794394832920e-08
411 5.0134995300126399e-08
412 5.0134976674578453e-08
413 5.0134940484195994e-08
414 5.0135128030833832e-08
415 5.0135018784822293e-08
416 5.0135073769437144e-08
417 5.0134797598942023e-08
418 5.0134987189583071e-08
419 5.0134978075893250e-08
420 5.0134947878955255e-08
421 5.0135151164129326e-08
422 5.0135172681733145e-08
423 5.0134983872771562e-08
424 5.0135162079023235e-08
425 5.0134953496383529e-08
426 5.0134939309634954e-08
427 5.0134978124128150e-08
428 5.0134982965590249e-08
429 5.0135159563026797e-08
430 5.0135004971533410e-08
431 5.0135082170231194e-08
432 5.0134975428212187e-08
433 5.0135106095318999e-08
434 5.0134663456097007e-08
435 5.0134899642076705e-08
436 5.0135103526584397e-08
437 5.0135082765374615e-08
438 5.0135111294436498e-08
439 5.0135141088477469e-08
440 5.0134936696667425e-08
441 5.0134741600669588e-08
442 5.0134796610247163e-08
443 5.0135144668917487e-08
444 5.0135043100428166e-08
445 5.0135139573719569e-08
446 5.0134868633059802e-08
447 5.0135011668946962e-08
448 5.0134679205911366e-08
449 5.0134844333201806e-08
450 5.0135117716996608e-08
451 5.0134847602472446e-08
452 5.0134694174803248e-08
453 5.0134723191245256e-08
454 5.0134647567654716e-08
455 5.0134781362135640e-08
456 5.0134877969722555e-08
457 5.0134625632414302e-08
458 5.0134908371019855e-08
459 5.0134623493966018e-08
460 5.0135089290306544e-08
461 5.0134752337123956e-08
462 5.0134817397576774e-08
463 5.0134818154971699e-08
464 5.0134575193196713e-08
465 5.0134868014951153e-08
466 5.0135044342227853e-08
467 5.0134598787021288e-08
468 5.0134878910505261e-08
469 5.0134913933567687e-08
470 5.0134930943920966e-08
471 5.0135074124420493e-08
472 5.0134760786356749e-08
473 5.0135019427703882e-08
474 5.0135057327932995e-08
475 5.0134956490427270e-08
476 5.0134849647342124e-08
477 5.0134823294692118e-08
478 5.0134840751216951e-08
479 5.0134873589209089e-08
480 5.0134556172821240e-08
481 5.0134729127097467e-08
482 5.0134745047404364e-08
483 5.0134736094214840e-08
484 5.0134738651023145e-08
485 5.0134715183920033e-08
486 5.0134734281980669e-08
487 5.0134637376812445e-08
488 5.0134854671157883e-08
489 5.0134857298706383e-08
490 5.0134929805863267e-08
491 5.0134787884621901e-08
492 5.0134611951493508e-08
493 5.0134780547437223e-08
494 5.0134521334796186e-08
495 5.0134777354851718e-08
496 5.0134907093597960e-08
497 5.0134535316719316e-08
498 5.0134741192283003e-08
499 5.0134783061553625e-08
500 5.0134601864947423e-08
501 5.0134636340820285e-08
502 5.0134619383516209e-08
503 5.0134459971801464e-08
504 5.0134459724029359e-08
505 5.0134513291816283e-08
506 5.0134729341188949e-08
507 5.0134702602071187e-08
508 5.0134891841739217e-08
509 5.0134422583486633e-08
510 5.0134531362195555e-08
511 5.0134729381537019e-08
512 5.0134877800849544e-08
513 5.0134818977338266e-08
514 5.0134746337277889e-08
515 5.0134434746835213e-08
516 5.0134466037211329e-08
517 5.0134491866408685e-08
518 5.0134673777344870e-08
519 5.0134490929992342e-08
520 5.0134640355206783e-08
521 5.0134592140592813e-08
522 5.0134838734452686e-08
523 5.0134823390327835e-08
524 5.0134437413478387e-08
525 5.0134619175040999e-08
526 5.0134536567105105e-08
527 5.0134640106870745e-08
528 5.0134502896315427e-08
529 5.0134628400008562e-08
530 5.0134447327083650e-08
531 5.0134488173172704e-08
532 5.0134600289325415e-08
533 5.0134555315332485e-08
534 5.0134917363761808e-08
535 5.0134654300883388e-08
536 5.0134305115178904e-08
537 5.0134802069221777e-08
538 5.0134608979240920e-08
539 5.0134390946535677e-08
540 5.0134557129206439e-08
541 5.0134608679150639e-08
542 5.0134812047297564e-08
543 5.0134563709747973e-08
544 5.0134761360106103e-08
545 5.0134351093972211e-08
546 5.0134466248100649e-08
547 5.0134379371681402e-08
548 5.0134525841507946e-08
549 5.0134385266423882e-08
550 5.0134369754197897e-08
551 5.0134588083957211e-08
552 5.0134770854880606e-08
553 5.0134753527910111e-08
554 5.0134599385633388e-08
555 5.0134275063385377e-08
556 5.0134549763175637e-08
557 5.0134414501036747e-08
558 5.0134648655302089e-08
559 5.0134306425801572e-08
560 5.0134437730213308e-08
561 5.0134502658618494e-08
562 5.0134612686471467e-08
563 5.0134622264057416e-08
564 5.0134662947439257e-08
565 5.0134337516336629e-08
566 5.0134442285890335e-08
567 5.0134716092610209e-08
568 5.0134721209636339e-08
569 5.0134425165687258e-08
570 5.0134361311291156e-08
571 5.0134331174102766e-08
572 5.0134416012317829e-08
573 5.0134417123782035e-08
574 5.0134715854489607e-08
575 5.0134286030365393e-08
576 5.0134424960459024e-08
577 5.0134486014821925e-08
578 5.0134476041398640e-08
579 5.0134415825227144e-08
580 5.0134343031157708e-08
581 5.0134579034605723e-08
582 5.0134692255313954e-08
583 5.0134322754645701e-08
584 5.0134718033012660e-08
585 5.0134498957682480e-08
586 5.0134610733589401e-08
587 5.0134672252601292e-08
588 5.0134647272452054e-08
589 5.0134638988876213e-08
590 5.0134150646589984e-08
591 5.0134450067144277e-08
592 5.0134638224309719e-08
593 5.0134693150764185e-08
594 5.0134581255603389e-08
595 5.0134398746436481e-08
596 5.0134337016257542e-08
597 5.0134625338248540e-08
598 5.0134359901151003e-08
599 5.0134344697826593e-08
600 5.0134279873197891e-08
601 5.0134635206957484e-08
602 5.0134377652289996e-08
603 5.0134172970065468e-08
604 5.0134213308763358e-08
605 5.0134482898287115e-08
606 5.0134569401048260e-08
607 5.0134531348365306e-08
608 5.0134385811156653e-08
609 5.0134157489134036e-08
610 5.0134185441557482e-08
611 5.0134577809554240e-08
612 5.0134139720180074e-08
613 5.0134467461338113e-08
614 5.0134171446413709e-08
615 5.0134435572371093e-08
616 5.0134163042472012e-08
617 5.0134208408546699e-08
618 5.0134252706089277e-08
619 5.0134650164594357e-08
620 5.0134149532705210e-08
621 5.0134297492382359e-08
622 5.0134086754798721e-08
623 5.0134275949133686e-08
624 5.0134148267855242e-08
625 5.0134330796255522e-08
626 5.0134559399507742e-08
627 5.0134370847800594e-08
628 5.0134441732518317e-08
629 5.0134540875691180e-08
630 5.0134150566734332e-08
631 5.0134195828429983e-08
632 5.0134501997491491e-08
633 5.0134494820615686e-08
634 5.0134356051927360e-08
635 5.0134389184095702e-08
636 5.0134290487953324e-08
637 5.0134117274218412e-08
638 5.0134360067346134e-08
639 5.0134522705366970e-08
640 5.0134259374938390e-08
641 5.0134595324746627e-08
642 5.0134354313533796e-08
643 5.0134257805662273e-08
644 5.0134027519298955e-08
645 5.0134490378342468e-08
646 5.0134277070055352e-08
647 5.0134196844888697e-08
648 5.0134464539218474e-08
649 5.0134423172055430e-08
650 5.0134328431268105e-08
651 5.0134039385533763e-08
652 5.0134427540059086e-08
653 5.0134272983287658e-08
654 5.0134190505106722e-08
655 5.0134187167363527e-08
656 5.0134284917203971e-08
657 5.0133994723563888e-08
658 5.0134048321297781e-08
659 5.0134109018326996e-08
660 5.0134490587575282e-08
661 5.0134451691674597e-08
662 5.0134258784658315e-08
663 5.0134442657930002e-08
664 5.0134177942995902e-08
665 5.0134251122119746e-08
666 5.0134151244032107e-08
667 5.0134339957978199e-08
668 5.0134268610738942e-08
669 5.0134082697477664e-08
670 5.0134114645511872e-08
671 5.0133937122005905e-08
672 5.0134062733180321e-08
673 5.0134446084627585e-08
674 5.0134218066597807e-08
675 5.0134161203906810e-08
676 5.0133998662856926e-08
677 5.0134061737067464e-08
678 5.0134164016649415e-08
679 5.0133926222810336e-08
680 5.0134157340669622e-08
681 5.0134038316745479e-08
682 5.0133939544300528e-08
683 5.0133996598682321e-08
684 5.0134199739791606e-08
685 5.0134355920793769e-08
686 5.0134236293740240e-08
687 5.0134340602761642e-08
688 5.0134118427816220e-08
689 5.0133887977282300e-08
690 5.0133900389611126e-08
691 5.0134162678406174e-08
692 5.0134096660630769e-08
693 5.0134111658110404e-08
694 5.0134210994492607e-08
695 5.0134282656623780e-08
696 5.0133885145972070e-08
697 5.0134070330242582e-08
698 5.0134171558391087e-08
699 5.0133902477700013e-08
700 5.0133942088971539e-08
701 5.0134219655066328e-08
702 5.0133883487120201e-08
703 5.0134126836616385e-08
704 5.0134184362437321e-08
705 5.0134177349849672e-08
706 5.0134003075439714e-08
707 5.0134229155131438e-08
708 5.0134223491081876e-08
709 5.0133876339313687e-08
710 5.0133880022911698e-08
711 5.0134123510045641e-08
712 5.0134294337786104e-08
713 5.0133964006013827e-08
714 5.0134087399860791e-08
715 5.0133791378435064e-08
716 5.0134215509509697e-08
717 5.0134015008175005e-08
718 5.0133963606107775e-08
719 5.0134054872754136e-08
720 5.0134258158090216e-08
721 5.0134202542960304e-08
722 5.0133990704978859e-08
723 5.0133832941280626e-08
724 5.0134004216055287e-08
725 5.0133821073145666e-08
726 5.0133992078449970e-08
727 5.0134234587601862e-08
728 5.0134098889920325e-08
729 5.0133940197316925e-08
730 5.0133974104298604e-08
731 5.0133851170659781e-08
732 5.0134023754547526e-08
733 5.0134176364531178e-08
734 5.0134164014697190e-08
735 5.0134214185940474e-08
736 5.0133941713313585e-08
737 5.0134144258797653e-08
738 5.0133943197707273e-08
739 5.0133707147914995e-08
740 5.0134090279295793e-08
741 5.0133832067456629e-08
742 5.0134009117790596e-08
743 5.0133882982778632e-08
744 5.0133936114536977e-08
745 5.0134101496007671e-08
746 5.0133933005794677e-08
747 5.0133779095929403e-08
748 5.0133944203796305e-08
749 5.0133831422996256e-08
750 5.0134129894556468e-08
751 5.0134145448762351e-08
752 5.0133883182067300e-08
753 5.0133943675441201e-08
754 5.0134079282460871e-08
755 5.0134126325749957e-08
756 5.0133991833657812e-08
757 5.0133917329523101e-08
758 5.0133740021702891e-08
759 5.0133699245837500e-08
760 5.0133709383587665e-08
761 5.0133711736783888e-08
762 5.0133983845510599e-08
763 5.0134062706602657e-08
764 5.0133878765923181e-08
765 5.0133865436578262e-08
766 5.0134132304185241e-08
767 5.0133743004770951e-08
768 5.0133941367819910e-08
769 5.0133691857878842e-08
770 5.0133753209102413e-08
771 5.0133975648530928e-08
772 5.0134052213146081e-08
773 5.0133677132471576e-08
774 5.0133636261665829e-08
775 5.0134080238175709e-08
776 5.0133933073366605e-08
777 5.0133626637793618e-08
778 5.0133945766851475e-08
779 5.0133944202058439e-08
780 5.0133951004768939e-08
781 5.0133739826327912e-08
782 5.0134079595497090e-08
783 5.0133956805026886e-08
784 5.0133509057800519e-08
785 5.0133758148834118e-08
786 5.0134044183548101e-08
787 5.0134144539206500e-08
788 5.0133889748471127e-08
789 5.0133800884009376e-08
790 5.0133899665320175e-08
791 5.0133820930393893e-08
792 5.0133606478268562e-08
793 5.0133910336674734e-08
794 5.0133658140555781e-08
795 5.0133858580543721e-08
796 5.0133540014489699e-08
797 5.0134016016958959e-08
798 5.0133901570107717e-08
799 5.0133911588712812e-08
800 5.0133589549777258e-08
801 5.0133845771585709e-08
802 5.0133529819107233e-08
803 5.0133813980132622e-08
804 5.0133541096531382e-08
805 5.0133616195031852e-08
806 5.0133678341356085e-08
807 5.0133647152977658e-08
808 5.0133487816942641e-08
809 5.0133495200126104e-08
810 5.0133724734835402e-08
811 5.0133789693686771e-08
812 5.0133919160099803e-08
813 5.0133704333022838e-08
814 5.0133998460547719e-08
815 5.0133530286607368e-08
816 5.0133791465067331e-08
817 5.0133733558654084e-08
818 5.0133765355504809e-08
819 5.0133649944746054e-08
820 5.0133519788576536e-08
821 5.0133705264478368e-08
822 5.0133984694794636e-08
823 5.0133777471222080e-08
824 5.0133580967639834e-08
825 5.0133918480756007e-08
826 5.0133679942948885e-08
827 5.0133714812294583e-08
828 5.0133952476918945e-08
829 5.0133723615880758e-08
830 5.0133690539360258e-08
831 5.0133634392501575e-08
832 5.0133890877996312e-08
833 5.0133855191598900e-08
834 5.0133436176419198e-08
835 5.0133744402734072e-08
836 5.0133918004545898e-08
837 5.0133729019727921e-08
838 5.0133863814571889e-08
839 5.0133780983356495e-08
840 5.0133860587844279e-08
841 5.0133865691041855e-08
842 5.0133782141135906e-08
843 5.0133793443220744e-08
844 5.0133628362803446e-08
845 5.0133851003245473e-08
846 5.0133441374502808e-08
847 5.0133782655422038e-08
848 5.0133866096556026e-08
849 5.0133536800506700e-08
850 5.0133508377022940e-08
851 5.0133673185110569e-08
852 5.0133812857839119e-08
853 5.0133415440522751e-08
854 5.0133480565077077e-08
855 5.0133759425990223e-08
856 5.0133866787712809e-08
857 5.0133470212784444e-08
858 5.0133808773242397e-08
859 5.0133600403409515e-08
860 5.0133528696237590e-08
861 5.0133782198491769e-08
862 5.0133541235293325e-08
863 5.0133690970597278e-08
864 5.0133527945292715e-08
865 5.0133560739654041e-08
866 5.0133400519469879e-08
867 5.0133639137356317e-08
868 5.0133863797437683e-08
869 5.0133335995048739e-08
870 5.0133376623905421e-08
871 5.0133570056082911e-08
872 5.0133783593768095e-08
873 5.0133523299360192e-08
874 5.0133487713801867e-08
875 5.0133419880295700e-08
876 5.0133349352253016e-08
877 5.0133646537370887e-08
878 5.0133344082790635e-08
879 5.0133312550983037e-08
880 5.0133700953941609e-08
881 5.0133614474236416e-08
882 5.0133518604071217e-08
883 5.0133512394357630e-08
884 5.0133721125511659e-08
885 5.0133503928110770e-08
886 5.0133502461354326e-08
887 5.0133544234989053e-08
888 5.0133757348021489e-08
889 5.0133675241653897e-08
890 5.0133750032481123e-08
891 5.0133435584567817e-08
892 5.0133528108386964e-08
893 5.0133277098530666e-08
894 5.0133562236157858e-08
895 5.0133313529735702e-08
896 5.0133333795271763e-08
897 5.0133371283537899e-08
898 5.0133482275447476e-08
899 5.0133320435852905e-08
900 5.0133695965173764e-08
901 5.0133640580188844e-08
902 5.0133616714809735e-08
903 5.0133256668121786e-08
904 5.0133510952575833e-08
905 5.0133533831606298e-08
906 5.0133348213339741e-08
907 5.0133430483863403e-08
908 5.0133316073849472e-08
909 5.0133357262850438e-08
910 5.0133338444512864e-08
911 5.0133367749041688e-08
912 5.0133380475754344e-08
913 5.0133261244357792e-08
914 5.0133273148756747e-08
915 5.0133574116661736e-08
916 5.0133482351434471e-08
917 5.0133484058622394e-08
918 5.0133506240747634e-08
919 5.0133465223289666e-08
920 5.0133430739580155e-08
921 5.0133642949942232e-08
922 5.0133353226222707e-08
923 5.0133394067265053e-08
924 5.0133321268284520e-08
925 5.0133401980746232e-08
926 5.0133591753038339e-08
927 5.0133136993901261e-08
928 5.0133306406359763e-08
929 5.0133471260495160e-08
930 5.0133587838967759e-08
931 5.0133206273329647e-08
932 5.0133148797397257e-08
933 5.0133355099376864e-08
934 5.0133173008939396e-08
935 5.0133182571755599e-08
936 5.0133597201328851e-08
937 5.0133467960621015e-08
938 5.0133593239062109e-08
939 5.0133101213853974e-08
940 5.0133295428299068e-08
941 5.0133595594231455e-08
942 5.0133287314548820e-08
943 5.0133205770272498e-08
944 5.0133573496124810e-08
945 5.0133569894848198e-08
946 5.0133510363129503e-08
947 5.0133509277111524e-08
948 5.0133147414480214e-08
949 5.0133118500787009e-08
950 5.0133406191461044e-08
951 5.0133434112457450e-08
952 5.0133324899350877e-08
953 5.0133324663617611e-08
954 5.0133405379798611e-08
955 5.0133144928853818e-08
956 5.0133553397719374e-08
957 5.0133288501152339e-08
958 5.0133288234783731e-08
959 5.0133061057521391e-08
960 5.0133508792487248e-08
961 5.0133496907065470e-08
962 5.0133207139308405e-08
963 5.0133092739084480e-08
964 5.0133514106176336e-08
965 5.0133454599724422e-08
966 5.0133296657131586e-08
967 5.0133605192245298e-08
968 5.0133410936343679e-08
969 5.0133433686229061e-08
970 5.0133172069847625e-08
971 5.0133308762134539e-08
972 5.0133257358258583e-08
973 5.0133059110884228e-08
974 5.0133130397806223e-08
975 5.0133039816275876e-08
976 5.0133180001766514e-08
977 5.0133100196454365e-08
978 5.0133481408477378e-08
979 5.0133267745983576e-08
980 5.0133106706642170e-08
981 5.0133082540430429e-08
982 5.0132977703825681e-08
983 5.0133301206270777e-08
984 5.0133311879901743e-08
985 5.0133288157408429e-08
986 5.0133328724668240e-08
987 5.0133261589158283e-08
988 5.0133200692309052e-08
989 5.0133223553549754e-08
990 5.0133336627766376e-08
991 5.0133063597078249e-08
992 5.0133242662969830e-08
993 5.0133316297107035e-08
994 5.0133179820861115e-08
995 5.0133243624829707e-08
996 5.0133308168403201e-08
997 5.0133183734673390e-08
998 5.0133395618629123e-08
999 5.0132914685584301e-08
1000 5.0133155217406586e-08
