0 1.0000000000000000e+00
1 2.4365241110430957e-07
2 5.0077522190040742e-08
3 1.6622292732379410e-08
4 8.1993257774595822e-09
5 5.4844289057452341e-09
6 4.5094899298071000e-09
7 4.1017285217360247e-09
8 3.9087371859398216e-09
9 3.8083060343000996e-09
10 3.7516532091300802e-09
11 3.7178744162891209e-09
12 3.6962412113603530e-09
13 3.6823175374106624e-09
14 3.6699988503740415e-09
15 3.6629468473565622e-09
16 3.6591638156789806e-09
17 3.6564588441606823e-09
18 3.6542758067131958e-09
19 3.6527514149975164e-09
20 3.6517377006532607e-09
21 3.6510119377977674e-09
22 3.6504529853858664e-09
23 3.6500409507979384e-09
24 3.6497288386870863e-09
25 3.6494729523049763e-09
26 3.6492996330744752e-09
27 3.6491322280471548e-09
28 3.6490200784459992e-09
29 3.6489616213061901e-09
30 3.6488314440747776e-09
31 3.6487751808842349e-09
32 3.6487216600681400e-09
33 3.6487301567329376e-09
34 3.6487177811952750e-09
35 3.6487398257495331e-09
36 3.6486127932383299e-09
37 3.6486605703319976e-09
38 3.6486524023558064e-09
39 3.6486190608730276e-09
40 3.6485547589836608e-09
41 3.6486062592570030e-09
42 3.6485995258769722e-09
43 3.6485128552524078e-09
44 3.6486270758388732e-09
45 3.6484459323036500e-09
46 3.6486611119855530e-09
47 3.6486824807615291e-09
48 3.6485029938385538e-09
49 3.6484839927305650e-09
50 3.6486920495115792e-09
51 3.6485115603779179e-09
52 3.6485869128656839e-09
53 3.6485031084944502e-09
54 3.6485276727360142e-09
55 3.6483874651215991e-09
56 3.6487771752350146e-09
57 3.6486513565096097e-09
58 3.6486086322913074e-09
59 3.6484241488949121e-09
60 3.6485002349863191e-09
61 3.6487057001206288e-09
62 3.6484843486203694e-09
63 3.6485955471504565e-09
64 3.6486713265049008e-09
65 3.6484895714359136e-09
66 3.6487183254471230e-09
67 3.6483646062479787e-09
68 3.6486998625462458e-09
69 3.6483518074516899e-09
70 3.6487573739369808e-09
71 3.6487596155924104e-09
72 3.6484393153105453e-09
73 3.6488256115300833e-09
74 3.6487396022922443e-09
75 3.6485004677195600e-09
76 3.6486657450175784e-09
77 3.6487087700106206e-09
78 3.6487732577324788e-09
79 3.6484956733064848e-09
80 3.6488127316474790e-09
81 3.6487460311514033e-09
82 3.6485426974910883e-09
83 3.6487510784527906e-09
84 3.6483424242819805e-09
85 3.6485335198835288e-09
86 3.6487197221374274e-09
87 3.6487317937641540e-09
88 3.6486040619104843e-09
89 3.6487609367396211e-09
90 3.6486981322984369e-09
91 3.6485230831747918e-09
92 3.6487303370044737e-09
93 3.6484858563456544e-09
94 3.6483437928645930e-09
95 3.6486043332829947e-09
96 3.6485044892259437e-09
97 3.6486361084632272e-09
98 3.6488150693582600e-09
99 3.6486418986070689e-09
100 3.6487475416794393e-09
101 3.6485626247318339e-09
102 3.6485633440109240e-09
103 3.6484890670577970e-09
104 3.6483934984188570e-09
105 3.6484187501014873e-09
106 3.6485954387761751e-09
107 3.6487383980546489e-09
108 3.6482832605406918e-09
109 3.6482907949862286e-09
110 3.6483643097313164e-09
111 3.6484917357810633e-09
112 3.6488112932717811e-09
113 3.6486237063651574e-09
114 3.6483763732959871e-09
115 3.6487257222195903e-09
116 3.6484523119546157e-09
117 3.6487144551006447e-09
118 3.6485423276264757e-09
119 3.6484591806057833e-09
120 3.6484289888709095e-09
121 3.6483397553131922e-09
122 3.6484285801101352e-09
123 3.6484977842948528e-09
124 3.6483133129029397e-09
125 3.6487314087810691e-09
126 3.6486965501082227e-09
127 3.6484310317554045e-09
128 3.6485638426291322e-09
129 3.6483440142954721e-09
130 3.6486568874928281e-09
131 3.6487237168849435e-09
132 3.6482892057675096e-09
133 3.6485102379570079e-09
134 3.6487022558121630e-09
135 3.6485186235303003e-09
136 3.6486985402886010e-09
137 3.6485355738071213e-09
138 3.6484860103199112e-09
139 3.6485725126016466e-09
140 3.6482132381234139e-09
141 3.6487838346658957e-09
142 3.6487361897756336e-09
143 3.6483705472621766e-09
144 3.6485127860311097e-09
145 3.6484233037141976e-09
146 3.6483198221531339e-09
147 3.6483542551575189e-09
148 3.6483117978501431e-09
149 3.6486865404212765e-09
150 3.6485499817120332e-09
151 3.6482929011802429e-09
152 3.6485169291796568e-09
153 3.6486012094491856e-09
154 3.6484435089748556e-09
155 3.6487092294063494e-09
156 3.6487242387973510e-09
157 3.6484752867214090e-09
158 3.6482184916831233e-09
159 3.6486418116576202e-09
160 3.6483879562551131e-09
161 3.6484235863919972e-09
162 3.6482879050628166e-09
163 3.6484384820102099e-09
164 3.6487164887548352e-09
165 3.6482552467002555e-09
166 3.6483737797130028e-09
167 3.6482942759359521e-09
168 3.6485677299071440e-09
169 3.6482250113282405e-09
170 3.6482732334666184e-09
171 3.6485004657434537e-09
172 3.6485445457767091e-09
173 3.6484832035932618e-09
174 3.6484667046801859e-09
175 3.6484905307228030e-09
176 3.6482422854538963e-09
177 3.6484605025382209e-09
178 3.6484964675018076e-09
179 3.6485190861513606e-09
180 3.6487566688348019e-09
181 3.6482187141652600e-09
182 3.6487482766706891e-09
183 3.6485975762755568e-09
184 3.6482866179872928e-09
185 3.6487046864388018e-09
186 3.6484812855697223e-09
187 3.6486270857993561e-09
188 3.6484838711994333e-09
189 3.6481397245844758e-09
190 3.6487093645158320e-09
191 3.6486932503659728e-09
192 3.6487057731696944e-09
193 3.6484925438374756e-09
194 3.6483448746713741e-09
195 3.6482203699884007e-09
196 3.6484383597186333e-09
197 3.6487277242015653e-09
198 3.6484254563761288e-09
199 3.6485095352236675e-09
200 3.6484948018505130e-09
201 3.6482841737010715e-09
202 3.6485403283063116e-09
203 3.6482372476205254e-09
204 3.6482646192959108e-09
205 3.6485480426458833e-09
206 3.6486251893197659e-09
207 3.6484737581669609e-09
208 3.6486083700524936e-09
209 3.6486198573858243e-09
210 3.6484076062694813e-09
211 3.6483351582607781e-09
212 3.6484849546137299e-09
213 3.6485978521030303e-09
214 3.6484451561256491e-09
215 3.6484596521358100e-09
216 3.6485889640370004e-09
217 3.6483568234960593e-09
218 3.6486664314866160e-09
219 3.6483563711618651e-09
220 3.6482682295038319e-09
221 3.6484939644097118e-09
222 3.6482444454118727e-09
223 3.6485646749225746e-09
224 3.6485398733608273e-09
225 3.6484245647749718e-09
226 3.6483968169143527e-09
227 3.6484205371223032e-09
228 3.6485740326483216e-09
229 3.6486757093757706e-09
230 3.6484630163560695e-09
231 3.6485230424592353e-09
232 3.6481826047581072e-09
233 3.6482588974809778e-09
234 3.6484689122587348e-09
235 3.6484226342677863e-09
236 3.6484622090500916e-09
237 3.6482482926717335e-09
238 3.6486519282890806e-09
239 3.6484643819837277e-09
240 3.6483993314429029e-09
241 3.6484140896405210e-09
242 3.6484430657742073e-09
243 3.6482190332718555e-09
244 3.6483591298157596e-09
245 3.6482855060517864e-09
246 3.6484331798945544e-09
247 3.6483599103931703e-09
248 3.6482455178008762e-09
249 3.6483828816105337e-09
250 3.6487109896042449e-09
251 3.6483748102387086e-09
252 3.6481843214108723e-09
253 3.6487156761721779e-09
254 3.6484127332732821e-09
255 3.6483850288913985e-09
256 3.6485166802497703e-09
257 3.6483881450826916e-09
258 3.6482363194406488e-09
259 3.6484171680543869e-09
260 3.6482751743982359e-09
261 3.6484537350800189e-09
262 3.6484903491328184e-09
263 3.6484617692749984e-09
264 3.6483387873965148e-09
265 3.6483339088026071e-09
266 3.6486412561749557e-09
267 3.6486763576273008e-09
268 3.6482290155512102e-09
269 3.6482901228103182e-09
270 3.6484692046181598e-09
271 3.6484975004854599e-09
272 3.6481480804908914e-09
273 3.6482427672050112e-09
274 3.6486296080549908e-09
275 3.6481929164286615e-09
276 3.6485552314308952e-09
277 3.6486578060894198e-09
278 3.6483734616576886e-09
279 3.6482742617384638e-09
280 3.6481841032370507e-09
281 3.6481788539118130e-09
282 3.6485441562631862e-09
283 3.6485754348429675e-09
284 3.6486176044013406e-09
285 3.6486197271396156e-09
286 3.6486523901680834e-09
287 3.6486340333436870e-09
288 3.6483995227484423e-09
289 3.6485313475990388e-09
290 3.6485578261398621e-09
291 3.6484817245319485e-09
292 3.6485872628173386e-09
293 3.6481773992614689e-09
294 3.6484850734154443e-09
295 3.6486445080399744e-09
296 3.6483344010493511e-09
297 3.6486174813966573e-09
298 3.6484879089933544e-09
299 3.6483563441929275e-09
300 3.6481926620362377e-09
301 3.6484412134695384e-09
302 3.6485978850753491e-09
303 3.6483360284797964e-09
304 3.6485643502801564e-09
305 3.6484099214752794e-09
306 3.6484102521978738e-09
307 3.6484856271082079e-09
308 3.6485362518978500e-09
309 3.6482793145431660e-09
310 3.6484347309427636e-09
311 3.6483441746067463e-09
312 3.6486004539537014e-09
313 3.6482031205160334e-09
314 3.6486963709589424e-09
315 3.6485318628389662e-09
316 3.6485666556527820e-09
317 3.6483961859643683e-09
318 3.6485502339075873e-09
319 3.6485596044912652e-09
320 3.6482812819258577e-09
321 3.6486208012592845e-09
322 3.6486299298264529e-09
323 3.6483733780694366e-09
324 3.6485163173822028e-09
325 3.6483736385534848e-09
326 3.6481438762185133e-09
327 3.6482216759544983e-09
328 3.6486027075801603e-09
329 3.6486025761487673e-09
330 3.6485229441456568e-09
331 3.6485803520393256e-09
332 3.6483625306480372e-09
333 3.6483340303366467e-09
334 3.6481444758196958e-09
335 3.6482126403146185e-09
336 3.6482127156693264e-09
337 3.6482277337190768e-09
338 3.6483977816917088e-09
339 3.6481478657828400e-09
340 3.6486147162465069e-09
341 3.6485483363390663e-09
342 3.6483832619385708e-09
343 3.6483999275972486e-09
344 3.6483299427304559e-09
345 3.6485776728300917e-09
346 3.6484246740313148e-09
347 3.6484560191875156e-09
348 3.6482356503768019e-09
349 3.6486225411380929e-09
350 3.6481255306085882e-09
351 3.6481907690208145e-09
352 3.6483734773745114e-09
353 3.6481744308799968e-09
354 3.6483651102659971e-09
355 3.6484159957293906e-09
356 3.6484782787061737e-09
357 3.6482820390303248e-09
358 3.6485839704056245e-09
359 3.6486099103935048e-09
360 3.6482830840455487e-09
361 3.6486367025665017e-09
362 3.6481145047895076e-09
363 3.6483476128752558e-09
364 3.6484225994384338e-09
365 3.6486031932146860e-09
366 3.6483699286945462e-09
367 3.6485307465171381e-09
368 3.6483163886577819e-09
369 3.6485565550337557e-09
370 3.6484070359775177e-09
371 3.6486171473008721e-09
372 3.6483622311732856e-09
373 3.6484087021629340e-09
374 3.6482988337235823e-09
375 3.6484107140717439e-09
376 3.6485495162357100e-09
377 3.6486018229839393e-09
378 3.6484742871501219e-09
379 3.6485312670103009e-09
380 3.6486255192624828e-09
381 3.6484322845299374e-09
382 3.6483792821936845e-09
383 3.6485307601669938e-09
384 3.6485168532657384e-09
385 3.6480689416528947e-09
386 3.6483047792119960e-09
387 3.6483756013073722e-09
388 3.6484339289017878e-09
389 3.6483570769541562e-09
390 3.6481749848071904e-09
391 3.6481380369977646e-09
392 3.6483187551712955e-09
393 3.6482390567282494e-09
394 3.6480894549769917e-09
395 3.6482694159924280e-09
396 3.6481521724550779e-09
397 3.6483373900594371e-09
398 3.6484057010055188e-09
399 3.6480468034543660e-09
400 3.6482956927387011e-09
401 3.6484846959019244e-09
402 3.6482854111286566e-09
403 3.6486119108567890e-09
404 3.6485232497767881e-09
405 3.6482553857456975e-09
406 3.6481612357817624e-09
407 3.6481432911447019e-09
408 3.6484665361238343e-09
409 3.6485311277286823e-09
410 3.6485849984406212e-09
411 3.6480634882420066e-09
412 3.6483844765999629e-09
413 3.6482147622035189e-09
414 3.6483497566473814e-09
415 3.6481100420879957e-09
416 3.6485301265648289e-09
417 3.6480394352427438e-09
418 3.6483605004287250e-09
419 3.6485141414637653e-09
420 3.6483420669481516e-09
421 3.6483952045139941e-09
422 3.6485684164421257e-09
423 3.6483668554601118e-09
424 3.6486100473357454e-09
425 3.6480981438698378e-09
426 3.6482909888073537e-09
427 3.6482100525686623e-09
428 3.6481167521031396e-09
429 3.6482282899833414e-09
430 3.6481548790268016e-09
431 3.6483796061731927e-09
432 3.6484807967503805e-09
433 3.6482646175658389e-09
434 3.6485437780073564e-09
435 3.6482901488836570e-09
436 3.6483306866406491e-09
437 3.6484922087401744e-09
438 3.6484161100118319e-09
439 3.6480921531199204e-09
440 3.6485749245582854e-09
441 3.6483739966670932e-09
442 3.6482720984670243e-09
443 3.6480585527151123e-09
444 3.6481285206351125e-09
445 3.6482498228596086e-09
446 3.6481752972995430e-09
447 3.6483724623174351e-09
448 3.6482804821746072e-09
449 3.6485280644273805e-09
450 3.6484947993146411e-09
451 3.6481396628008285e-09
452 3.6481340249473474e-09
453 3.6483765202210309e-09
454 3.6485384917175888e-09
455 3.6480495268640427e-09
456 3.6482949159285778e-09
457 3.6485509300243588e-09
458 3.6481120603921508e-09
459 3.6480080569659964e-09
460 3.6483564030184396e-09
461 3.6480555379693492e-09
462 3.6483924507612783e-09
463 3.6484301227427780e-09
464 3.6483143592195867e-09
465 3.6482746649505026e-09
466 3.6485301244050984e-09
467 3.6481008123777244e-09
468 3.6481343621147558e-09
469 3.6482974229745531e-09
470 3.6484013166591590e-09
471 3.6484578486043695e-09
472 3.6483352539782925e-09
473 3.6484118381254550e-09
474 3.6481600269186619e-09
475 3.6483029271386225e-09
476 3.6484114087664778e-09
477 3.6482315243327059e-09
478 3.6482125852627055e-09
479 3.6482411515717682e-09
480 3.6484176098843060e-09
481 3.6483126689540602e-09
482 3.6480372846656957e-09
483 3.6485139291836726e-09
484 3.6483719856297205e-09
485 3.6479952671674329e-09
486 3.6481546831634660e-09
487 3.6485432365912378e-09
488 3.6482158753135680e-09
489 3.6481778256409399e-09
490 3.6485326728287676e-09
491 3.6483106283740234e-09
492 3.6484979482760801e-09
493 3.6479993854049035e-09
494 3.6485261848264020e-09
495 3.6484440785873962e-09
496 3.6483297081309897e-09
497 3.6483565784851251e-09
498 3.6484672682677088e-09
499 3.6481354594141227e-09
500 3.6483157155458492e-09
501 3.6481957990512931e-09
502 3.6483797460155964e-09
503 3.6482862629310395e-09
504 3.6478757956021962e-09
505 3.6481278845775658e-09
506 3.6480561175925177e-09
507 3.6484933243296159e-09
508 3.6482744298188726e-09
509 3.6480999251107895e-09
510 3.6482294083292490e-09
511 3.6485946444744016e-09
512 3.6482811557554297e-09
513 3.6482247887207777e-09
514 3.6482940336035916e-09
515 3.6482856633735057e-09
516 3.6481578726597097e-09
517 3.6482693918780861e-09
518 3.6480644110187878e-09
519 3.6481924540357488e-09
520 3.6484953554964639e-09
521 3.6480336384607177e-09
522 3.6485694251397598e-09
523 3.6484859675447825e-09
524 3.6482576004238461e-09
525 3.6482047464295400e-09
526 3.6485075264293589e-09
527 3.6480036467905104e-09
528 3.6484849129571152e-09
529 3.6482422136846569e-09
530 3.6479910419481171e-09
531 3.6480332288258167e-09
532 3.6483292150276744e-09
533 3.6482431434091216e-09
534 3.6485143191374438e-09
535 3.6484841308279493e-09
536 3.6483942830130257e-09
537 3.6484160585945179e-09
538 3.6479734491700041e-09
539 3.6482183204803202e-09
540 3.6480787267580319e-09
541 3.6484855913903240e-09
542 3.6481145744023992e-09
543 3.6481190910837479e-09
544 3.6481746577520721e-09
545 3.6484773594141200e-09
546 3.6483309669139289e-09
547 3.6482829267594531e-09
548 3.6480266691208846e-09
549 3.6480479423815303e-09
550 3.6482902698594378e-09
551 3.6481624401607283e-09
552 3.6482834077033126e-09
553 3.6482087412580817e-09
554 3.6484564489899737e-09
555 3.6484530239631054e-09
556 3.6480330165303203e-09
557 3.6483896708163611e-09
558 3.6481372375300001e-09
559 3.6481894445610106e-09
560 3.6480673683460543e-09
561 3.6484274091027446e-09
562 3.6481434205645298e-09
563 3.6480607995316733e-09
564 3.6480216195003438e-09
565 3.6480098774744840e-09
566 3.6484647672959850e-09
567 3.6480149274679583e-09
568 3.6483196222340726e-09
569 3.6481651875711720e-09
570 3.6480190661562970e-09
571 3.6482844548466885e-09
572 3.6483986735243713e-09
573 3.6481842665265349e-09
574 3.6484499225836505e-09
575 3.6482377366542410e-09
576 3.6480514278672343e-09
577 3.6481690830914588e-09
578 3.6479862801337823e-09
579 3.6481686594832239e-09
580 3.6484592288771707e-09
581 3.6482470654089223e-09
582 3.6482336560073680e-09
583 3.6480434453830071e-09
584 3.6483007608573479e-09
585 3.6485023760412172e-09
586 3.6481623394077275e-09
587 3.6481213170305309e-09
588 3.6483027076592693e-09
589 3.6481267902956640e-09
590 3.6484182867181875e-09
591 3.6481035707236509e-09
592 3.6482394975969271e-09
593 3.6480659755468096e-09
594 3.6481879574093138e-09
595 3.6485263097790079e-09
596 3.6484190407330396e-09
597 3.6481911883891399e-09
598 3.6479074801798746e-09
599 3.6479844176871400e-09
600 3.6484382276093066e-09
601 3.6482717373880326e-09
602 3.6483822693914889e-09
603 3.6483507304332527e-09
604 3.6481927274562268e-09
605 3.6485305946033730e-09
606 3.6483360307601336e-09
607 3.6483687265895176e-09
608 3.6480062645277062e-09
609 3.6483010549492588e-09
610 3.6481531142415767e-09
611 3.6481774467165398e-09
612 3.6481330976013508e-09
613 3.6481606613001199e-09
614 3.6480946627199941e-09
615 3.6482368524860140e-09
616 3.6483090293429442e-09
617 3.6484746133656564e-09
618 3.6481205225581659e-09
619 3.6481463527688900e-09
620 3.6482453453209034e-09
621 3.6483500383979355e-09
622 3.6481965847418790e-09
623 3.6483831580904186e-09
624 3.6484899467436034e-09
625 3.6481685312937974e-09
626 3.6481415209160015e-09
627 3.6485127065395699e-09
628 3.6482079029324644e-09
629 3.6481824595708338e-09
630 3.6480328353060769e-09
631 3.6484273273817954e-09
632 3.6481980819604726e-09
633 3.6483858871833215e-09
634 3.6481458924734621e-09
635 3.6480558643355324e-09
636 3.6482558750383670e-09
637 3.6483006534004267e-09
638 3.6482628540568271e-09
639 3.6482979650762862e-09
640 3.6481288773562194e-09
641 3.6481547786385090e-09
642 3.6480485413462172e-09
643 3.6481762239158232e-09
644 3.6482174019521285e-09
645 3.6478761737363650e-09
646 3.6482276007020228e-09
647 3.6482785233467576e-09
648 3.6484402326196792e-09
649 3.6479711298007967e-09
650 3.6479917824017909e-09
651 3.6482117374581692e-09
652 3.6484193679030500e-09
653 3.6480064227016416e-09
654 3.6482466163004748e-09
655 3.6479619133126846e-09
656 3.6484304582069830e-09
657 3.6483207167379806e-09
658 3.6481659000269774e-09
659 3.6480641066633079e-09
660 3.6481050683073675e-09
661 3.6481297746943992e-09
662 3.6481412488097725e-09
663 3.6480563312434393e-09
664 3.6480414632518451e-09
665 3.6483019209704042e-09
666 3.6480045442126280e-09
667 3.6482617097438420e-09
668 3.6481249895784168e-09
669 3.6480347585695053e-09
670 3.6481299405302145e-09
671 3.6482103883813800e-09
672 3.6482156569259029e-09
673 3.6483374460835511e-09
674 3.6483385803254866e-09
675 3.6479686959362525e-09
676 3.6479740342770864e-09
677 3.6482799961774778e-09
678 3.6482206200027672e-09
679 3.6482819452311606e-09
680 3.6478757969803953e-09
681 3.6479724634679084e-09
682 3.6481403487091117e-09
683 3.6483982942985276e-09
684 3.6483257651903529e-09
685 3.6481495101814240e-09
686 3.6482456302781418e-09
687 3.6482337582481366e-09
688 3.6481135726269955e-09
689 3.6480615294998538e-09
690 3.6481192732776435e-09
691 3.6480891827688486e-09
692 3.6481555284340062e-09
693 3.6482727773490084e-09
694 3.6481737324842104e-09
695 3.6482652393616061e-09
696 3.6481465090218035e-09
697 3.6481838179335438e-09
698 3.6479085277776671e-09
699 3.6482649201076778e-09
700 3.6478500971153879e-09
701 3.6482122963118656e-09
702 3.6479439522156576e-09
703 3.6484270130453036e-09
704 3.6481658006807383e-09
705 3.6481844935442717e-09
706 3.6481421788257360e-09
707 3.6482022547553511e-09
708 3.6483110074415146e-09
709 3.6483621492204123e-09
710 3.6483286315850979e-09
711 3.6479266157091541e-09
712 3.6479567639138257e-09
713 3.6484546718464550e-09
714 3.6481387371705546e-09
715 3.6483034475204117e-09
716 3.6479778079728285e-09
717 3.6479493964165202e-09
718 3.6480222693728316e-09
719 3.6482055163422942e-09
720 3.6481926565317928e-09
721 3.6480059339170443e-09
722 3.6480070831513566e-09
723 3.6484110811260034e-09
724 3.6481485220436408e-09
725 3.6479897460675146e-09
726 3.6481134572603235e-09
727 3.6480410499776621e-09
728 3.6481359577482187e-09
729 3.6480564107855939e-09
730 3.6480454365721648e-09
731 3.6480322546140310e-09
732 3.6483321371760066e-09
733 3.6481446209818862e-09
734 3.6482512957275001e-09
735 3.6480597752490383e-09
736 3.6481549649648921e-09
737 3.6479489430731396e-09
738 3.6481289364461865e-09
739 3.6480888695899026e-09
740 3.6481324238721478e-09
741 3.6482252177617028e-09
742 3.6481512541592557e-09
743 3.6478899213648777e-09
744 3.6481897318866309e-09
745 3.6479982726547143e-09
746 3.6481441650493000e-09
747 3.6478546620660913e-09
748 3.6483132852632484e-09
749 3.6480419345511575e-09
750 3.6479328366693222e-09
751 3.6480580755042358e-09
752 3.6479782038121821e-09
753 3.6479149662453069e-09
754 3.6479488661548287e-09
755 3.6481440260562201e-09
756 3.6482074402877471e-09
757 3.6480884498898881e-09
758 3.6479617652032438e-09
759 3.6481644714852940e-09
760 3.6480689455888239e-09
761 3.6481049631998448e-09
762 3.6483484330879247e-09
763 3.6482682586860107e-09
764 3.6478736950211156e-09
765 3.6483657698989159e-09
766 3.6482725939914926e-09
767 3.6481765953865377e-09
768 3.6482784455493291e-09
769 3.6478714741584300e-09
770 3.6482498884836471e-09
771 3.6480652436309082e-09
772 3.6483226636657695e-09
773 3.6478986949621890e-09
774 3.6479452306982393e-09
775 3.6482925858926208e-09
776 3.6483012896704232e-09
777 3.6481637653112714e-09
778 3.6479402695560715e-09
779 3.6481893111492000e-09
780 3.6480872960983933e-09
781 3.6479703626880373e-09
782 3.6483785808520705e-09
783 3.6479017186873818e-09
784 3.6480724146484345e-09
785 3.6481042031125416e-09
786 3.6482714613774920e-09
787 3.6480679252104930e-09
788 3.6481541851173881e-09
789 3.6482834106375435e-09
790 3.6483062244151732e-09
791 3.6481823864453818e-09
792 3.6478346785477889e-09
793 3.6481373860199931e-09
794 3.6481886289030219e-09
795 3.6483068411342757e-09
796 3.6480376656375602e-09
797 3.6482946408096254e-09
798 3.6482583867664116e-09
799 3.6479640308878219e-09
800 3.6480087655086609e-09
801 3.6479233681244059e-09
802 3.6483640850218759e-09
803 3.6478444569156512e-09
804 3.6480730830921499e-09
805 3.6483034395746281e-09
806 3.6482685537404791e-09
807 3.6479920033191521e-09
808 3.6483641977673205e-09
809 3.6479991987089993e-09
810 3.6478947516215074e-09
811 3.6479854353235984e-09
812 3.6482176506995629e-09
813 3.6481633811559279e-09
814 3.6481560888112332e-09
815 3.6481973008339964e-09
816 3.6481304364585128e-09
817 3.6483384118805538e-09
818 3.6481001919440205e-09
819 3.6479119965516096e-09
820 3.6478858164140888e-09
821 3.6481840126354061e-09
822 3.6482595790413413e-09
823 3.6482371275396915e-09
824 3.6480598082932002e-09
825 3.6478977212110110e-09
826 3.6483315581071455e-09
827 3.6480631095477683e-09
828 3.6478976744831621e-09
829 3.6479586785595491e-09
830 3.6478403641543670e-09
831 3.6481672253044022e-09
832 3.6483188513126638e-09
833 3.6479557902978350e-09
834 3.6481094311006245e-09
835 3.6478396008037275e-09
836 3.6482868293838031e-09
837 3.6480542997715494e-09
838 3.6480050257573585e-09
839 3.6481966650809775e-09
840 3.6481256329241530e-09
841 3.6482111738343724e-09
842 3.6480071661277774e-09
843 3.6480946654941473e-09
844 3.6482172974613074e-09
845 3.6480736589031399e-09
846 3.6480659626198617e-09
847 3.6479819026922432e-09
848 3.6483491994283068e-09
849 3.6483603461395010e-09
850 3.6481135221854940e-09
851 3.6481093531352097e-09
852 3.6481321866736680e-09
853 3.6482064304217754e-09
854 3.6482492778035780e-09
855 3.6482294223113257e-09
856 3.6480304689011407e-09
857 3.6479612945212291e-09
858 3.6481010231186134e-09
859 3.6478343782972705e-09
860 3.6481022242265528e-09
861 3.6480625388401415e-09
862 3.6479119721590154e-09
863 3.6480111245521678e-09
864 3.6479260633229219e-09
865 3.6480192874973348e-09
866 3.6480682994808094e-09
867 3.6478960005726891e-09
868 3.6480604448934986e-09
869 3.6480342670233642e-09
870 3.6482448067084783e-09
871 3.6480796561860478e-09
872 3.6483749045146655e-09
873 3.6477783086359929e-09
874 3.6479612807346392e-09
875 3.6478553750609591e-09
876 3.6479723864021687e-09
877 3.6480441673671287e-09
878 3.6480701628277791e-09
879 3.6481251042583775e-09
880 3.6482370448763301e-09
881 3.6482103089332274e-09
882 3.6480430930875175e-09
883 3.6482250226720722e-09
884 3.6478901090071047e-09
885 3.6480451889267182e-09
886 3.6481010050817847e-09
887 3.6480575093348874e-09
888 3.6478859976286447e-09
889 3.6477561201018035e-09
890 3.6479398791357141e-09
891 3.6483635729362016e-09
892 3.6480277179097643e-09
893 3.6477416112755762e-09
894 3.6477665957384261e-09
895 3.6482865702992556e-09
896 3.6479940972800329e-09
897 3.6480134542420543e-09
898 3.6478222806171935e-09
899 3.6477951367869410e-09
900 3.6477451771975154e-09
901 3.6478452089631530e-09
902 3.6478815196561139e-09
903 3.6478419519906084e-09
904 3.6478052417874429e-09
905 3.6480016494255428e-09
906 3.6480740375472792e-09
907 3.6479340864954215e-09
908 3.6482425411173597e-09
909 3.6482166078137844e-09
910 3.6481308307229522e-09
911 3.6477891578242580e-09
912 3.6477769452043677e-09
913 3.6479964563860394e-09
914 3.6480322761210495e-09
915 3.6479888854863833e-09
916 3.6482216849257432e-09
917 3.6479365981405152e-09
918 3.6479090407072985e-09
919 3.6482174445125302e-09
920 3.6482500006615982e-09
921 3.6478091107717467e-09
922 3.6480580319861376e-09
923 3.6480088299186890e-09
924 3.6483021170144176e-09
925 3.6480362716944744e-09
926 3.6481047559759698e-09
927 3.6479707263406861e-09
928 3.6478042033935137e-09
929 3.6481388181718774e-09
930 3.6482509337257074e-09
931 3.6480674342313660e-09
932 3.6477559109143125e-09
933 3.6479495384500832e-09
934 3.6482686076832843e-09
935 3.6479388804603691e-09
936 3.6479518750174711e-09
937 3.6480197793170195e-09
938 3.6481530365153854e-09
939 3.6478375850020861e-09
940 3.6480758521484126e-09
941 3.6477294682172745e-09
942 3.6479617407122469e-09
943 3.6477903142711225e-09
944 3.6481770874838553e-09
945 3.6482984293357125e-09
946 3.6481130042912743e-09
947 3.6482018624564719e-09
948 3.6479245778553056e-09
949 3.6479925609198271e-09
950 3.6478706988642768e-09
951 3.6481991792897140e-09
952 3.6478213425694266e-09
953 3.6477731024783020e-09
954 3.6479789925068175e-09
955 3.6480547765424370e-09
956 3.6478011992206062e-09
957 3.6481770869372147e-09
958 3.6481722838501230e-09
959 3.6481968428894563e-09
960 3.6479032951187601e-09
961 3.6481934826960486e-09
962 3.6480490813094390e-09
963 3.6481002956923179e-09
964 3.6481166315312471e-09
965 3.6477506156581581e-09
966 3.6479319609384268e-09
967 3.6479207422921625e-09
968 3.6477852378250259e-09
969 3.6477590421927223e-09
970 3.6477861983496364e-09
971 3.6482347589707119e-09
972 3.6478517078506563e-09
973 3.6479405111467706e-09
974 3.6478241809043995e-09
975 3.6478729899680729e-09
976 3.6477506247283391e-09
977 3.6480399987050667e-09
978 3.6479257960924817e-09
979 3.6478782770686785e-09
980 3.6477485044279523e-09
981 3.6479721290195837e-09
982 3.6479825409850809e-09
983 3.6479806566830236e-09
984 3.6480901735556269e-09
985 3.6476637702693617e-09
986 3.6479481869973571e-09
987 3.6479479543964511e-09
988 3.6479774638218088e-09
989 3.6481433617601393e-09
990 3.6477470647421570e-09
991 3.6478916402487090e-09
992 3.6482226093771019e-09
993 3.6479439907238222e-09
994 3.6479190426656989e-09
995 3.6479232308503529e-09
996 3.6477353049041047e-09
997 3.6479235519583400e-09
998 3.6479029497321700e-09
999 3.6477579818265773e-09
1000 3.6479380744599833e-09
