0 1.6271140087690448e-05
1 6.7777159446741561e-05
2 1.6321549817864772e-04
3 1.8215901013402607e-04
4 2.0916687362236021e-04
5 2.5401389643386961e-04
6 3.4934854126708311e-04
7 4.7340881854140586e-04
8 6.5457326176401984e-04
9 9.9794753690423928e-04
10 1.2838351076292166e-03
11 2.0690618976893049e-03
12 2.6591903677761755e-03
13 4.0728410500780483e-03
14 6.4141812221870558e-03
15 8.4874465681065905e-03
16 1.3722956960013268e-02
17 1.6204661989839844e-02
18 1.7964733725344986e-02
19 1.7245580872038761e-02
20 1.5347750627067792e-02
21 1.4108016662676118e-02
22 1.0325424096588482e-02
23 7.1136822320389485e-03
24 5.3227449041601572e-03
25 3.3063607612560495e-03
26 2.3174520616299700e-03
27 1.6314329386099378e-03
28 1.0323263469897447e-03
29 7.4172988204301393e-04
30 4.8373932170456106e-04
31 3.5956776551254298e-04
32 2.8449520196291049e-04
33 2.0459484731355095e-04
34 1.6984447396716927e-04
35 1.1922109986875557e-04
36 9.6129822797455197e-05
37 6.6053928571633050e-05
38 4.5922300508724646e-05
39 2.7383974434094705e-05
40 1.6431446291534255e-05
41 1.2021313870263124e-05
42 8.7684892584112334e-06
43 5.7133594601890519e-06
44 3.7026654647112093e-06
45 2.1007354829353165e-06
46 1.4751520124225143e-06
47 9.5391294052489787e-07
48 6.4580791291167610e-07
49 5.2535522003307342e-07
50 3.6617933494834680e-07
51 2.7692806451972205e-07
52 1.9772104068445671e-07
53 1.2346608352036110e-07
54 8.3954544086435120e-08
55 5.9763922422625607e-08
56 3.8964588439932117e-08
57 2.7583455894794504e-08
58 1.8277771616067196e-08
59 1.2544079929153294e-08
60 8.3075877012676972e-09
61 6.5263466527194188e-09
62 4.2894364231177341e-09
63 2.8867469675408364e-09
64 2.1563068149143686e-09
65 1.4397846154926226e-09
66 9.5045423673059740e-10
67 6.0244691150851099e-10
68 4.0306756039665210e-10
69 2.6622799736192644e-10
70 1.7212440382326449e-10
71 1.0814267559478262e-10
72 6.4054366585479007e-11
73 3.5269483513241327e-11
74 1.8315964461390325e-11
75 9.8914157095269451e-12
76 5.3427324673433545e-12
77 3.3833922198876452e-12
78 2.2303652837457245e-12
79 1.3268089407453228e-12
80 8.3328850185673787e-13
81 4.7020797113757092e-13
82 2.9142900303313623e-13
83 2.0629240340518244e-13
84 1.4992996225457396e-13
85 1.5200866001647181e-13
86 1.8531243636473827e-13
87 2.9006293168300411e-13
88 4.8919104148652189e-13
89 8.8796151338526940e-13
90 1.6231094992286259e-12
91 2.6424759596128444e-12
92 4.7753680612519466e-12
93 7.8496504056735745e-12
94 1.2071235757269794e-11
95 2.3137736943892962e-11
96 4.2626296010096689e-11
97 7.4014049437780599e-11
98 9.5983653199676705e-11
99 8.4387417271196005e-11
100 6.7564165526002411e-11
101 5.1540003888882715e-11
102 3.5418143717921466e-11
103 2.2928150405033058e-11
104 1.3484518617319176e-11
105 8.6607323356274527e-12
106 4.8205119887147329e-12
107 2.5612390488003094e-12
108 1.3334761153578176e-12
109 7.2405049283353963e-13
110 3.8579518867794758e-13
111 2.1939599571628701e-13
112 1.4531004144177748e-13
113 8.9222195107479673e-14
114 4.9792965877285540e-14
115 3.1664356362831486e-14
116 2.0058593379427671e-14
117 1.6816888634031560e-14
118 1.3934540208997012e-14
119 1.1729025466094950e-14
120 8.4547811313576772e-15
121 5.8424401872015344e-15
122 3.4336848466665682e-15
123 1.7864460419190730e-15
124 1.0593200774023515e-15
